0.67201,0.50518,0,-0,0.04888,0.27154,1.4339,-0,-0.77161,0,-0.21717,1.73787,0.75954,-2.03786,-1.45471,0,0,-0.63028,0.53488,-1.34674,-1.46646,0,-0,0.8551,0.04409,0,0.61293,-0.48362,-1.17348,-0,-1.3377,-0,0,-0.57933,0.39883,0.58951,-1.11315,-0.17267,-1.2559,-1.12959,-0.13003,1.63288,-0.76492,-0.37521,-0.96559,-0,-0,2.09983,-0,0.12707
-0,-0,-0.48701,0.09028,-0.21252,1.02922,0,-0.11385,-0.55162,-0,0,0,0.46446,0.74299,0.74663,0.58539,1.30147,-0,-0.97434,-0.39792,0,-0,-0.29515,-0.98633,0.0282,-0,2.49521,-1.41516,-0.11321,-0,0.46924,0.52564,0.99122,1.48133,1.59701,-0.28631,-1.73848,0.01383,-1.58293,-0,0.58901,0.39426,0,-0,1.02386,-0,0,0.61883,0.94796,0.60109
1.1917,-0,-0.37734,-0.1328,0.24976,0,-0,-0,-0.08866,-1.35731,0,-0.22461,-0.58926,-0.1983,-0.31213,0,0.08548,0.05811,-0.22726,-0.46961,0,-0,0,0.91254,0.82406,0.84575,-0.54781,-0,-0.17432,-0.09888,0.58373,0.80684,0.16664,0,0.08227,-0,-1.14233,-0.56617,-0.02595,-0.41213,0,-0.15806,-0.11376,-0.0831,0.49595,-0.11764,-1.58304,-0.1857,0.81118,-0
-0,1.3761,0.25375,1.66005,-0.4686,-0.17622,0.48298,0,1.56123,0,0.17769,0.92392,-1.33032,-1.89047,0.5879,0.23239,-0.49321,-0.33914,0,-0.42571,-0,-0.92055,0,0.85828,-0,-0,1.53816,2.93898,-0.86759,-0.82425,0.22896,-0.63838,0.29231,2.13748,0.9842,0,0,-0.21489,-0.30171,-0,0,1.25941,1.09805,-0,-0.80103,-0.10425,-0,-1.52815,-0,-0.39776
1.25776,-0.72965,-0.7133,0,0,-0,-0,-1.19409,0.67248,0,0.51431,0.01949,0.07118,0,1.72101,0,-0.10229,0.41834,2.41489,0,0.03472,1.17194,-1.40825,0.13091,-0,0.85564,1.45238,1.41107,0,-0.86421,0.67088,0,1.61161,-0.15314,-1.25811,0.47079,0.57177,-0.78734,0.88843,0.62676,0.70906,0.46779,0.27361,0.57144,1.38209,-0.05839,-0.64551,1.5548,-0,0.65792
-1.49816,-1.23944,0.33161,0,0.96508,0.18118,-0.55583,-1.03172,0.2925,-1.39072,-0,0,-2.09465,0.63798,-2.03495,0.56305,0.1299,-1.42419,0.08574,-0.10078,1.01554,1.0201,-0,0.15253,-0.18758,1.36738,-0,-0.82034,-0.74122,-1.16354,0.78624,0.96028,0,0.29464,-1.66956,-0.47534,-0.44991,0.47962,-0.78124,0,-0.30097,1.60773,1.08913,0.12593,-0.88132,1.72886,0,-0.25457,0.86431,1.5479
1.08209,0.78758,1.64802,0.59233,0.33131,0.07238,-0.0955,-1.19479,1.36599,-0.43616,-1.49561,-1.16539,1.16545,-0,0.07269,-0.97153,0.57877,-0,-0,-0.80996,-0,0.31951,-0,0.4827,1.20624,0.13871,-1.4454,-0,0.09682,-0,-1.05814,1.22982,-0,-0,0.22182,-0.14046,0.32243,-1.08063,1.54085,0.81065,0.80642,-0.05229,-0.7723,-2.17988,0.94359,0.48417,1.41797,1.06715,0.95997,-0.61195
-0.41775,-0,-0,-0.82986,-0,0,2.77655,1.0776,0.49877,1.44162,-0.67961,0.03742,1.52661,0.3411,-0.46034,-0.88687,-0,-0,-0.05576,-0.16055,0,0.09786,1.09975,-0.00615,-1.57656,0.20443,0,-0,0.85224,-0,1.5266,1.1001,0.09816,-0.6548,1.47056,-0,0,0.49605,0.20983,-0.08934,-1.69979,-0.80537,1.30764,0,0.01974,0.5417,-0.52283,0.33593,0.42107,-0.98433
-0,0,-0,-0.48747,0.37209,-1.50824,-0.00015,0,-0.5792,0.84494,-0.7034,-0.42739,-0.65515,-0.76306,-1.52564,-0,-0.79204,-0,-0,0.12987,-1.23835,0.01455,0.38142,0.97551,-0,-0.1971,-0.26891,0.86516,2.1474,-0.83944,0,-1.7242,0,0.01727,0.46628,0.55662,-0,-0,-0.09826,-0.85684,0.06261,1.02931,0.71875,-1.16314,-0,0,-1.28435,-0,0,1.86547
1.28217,-0,0,0.52203,-0.83896,-0.64312,-1.26813,-0.38162,0.32653,-0.39345,-0,-0.97797,-0.31636,0.2136,1.83058,-0,-0.84043,-0.79179,-0.54476,0,-1.20342,-0,-1.63538,1.01866,-0,0.80676,-0,-0.8234,-1.13425,0.72515,1.003,1.51417,-1.16703,-0.06757,0.32758,0.95433,1.48253,1.36939,-0,-0,-0,0,1.14683,-1.16085,-0.30528,0,0.74253,1.40178,-0,0
-0.78532,-0,-1.06778,0,0.29654,-1.55538,0.73908,0.79659,-0,0.13599,1.92045,0.21436,1.50397,0,0,0,-0,-2.15439,0.20873,0.98831,0.73409,-0.35418,-2.14052,0.78407,-0.64982,0.14856,-0,0,-0.59234,1.27281,0.1144,0,-0,0.76591,0,-0,-0.35328,0.87798,1.6761,0.77427,-0.47795,1.61945,2.58381,-0.76161,-2.27516,-0,1.26412,0,-0,0
1.42572,0,0.82031,-0.7721,0.10246,1.48577,0,-0.62074,0.15903,0.27593,0.25834,0.53809,-0.49701,-1.90351,1.52016,-0,-1.15011,0,-0.6458,1.22612,0.55536,0.90586,1.0424,-0,0.48148,0.10336,-0.56613,0.46978,0.34372,0.06054,0,-0.94587,0.98178,1.90608,0.75642,-1.70499,0.28221,-0,-1.26066,-0,0.50013,0.87011,1.34073,0.81364,1.43557,0,0,-0.02701,0.92051,0.50679
-0,1.3509,0.24791,0.94365,-0.53553,1.21879,-0.1781,0.97945,0,1.03263,-0.55772,-0,0,-1.70248,3.08975,0.99684,-0.25642,-0.69555,-0.1989,0.24228,0,-1.00487,1.5285,0.91661,-1.49817,0.05852,-0,0.57866,0,-0.77859,0.94026,1.04054,-0,-0.10954,0.5663,-1.43665,0.06,-1.01246,1.6246,0,0.12723,0.06195,0,-0,-0.55765,0,-0.45042,2.07071,1.02193,-2.12633
0.87126,-0,-0,1.34903,0.14432,0.23898,0,-2.12489,1.22478,0.9258,-0.10305,-1.75122,1.81819,-1.55699,-0,0,-1.57873,0.52962,-0.03147,-2.44736,-1.29016,0.86647,0,-1.13073,0.04782,0.25118,-0.29503,0,-0,-0,-0,-1.78057,0.7042,-0,-1.04169,0,-0.48834,1.05053,0.35347,-2.1977,-0,0.63088,0.03481,0.79389,-0.20507,-0.33232,-0,0.72212,-0.10984,1.14408
0,0,0.73325,-1.23965,-0,-1.14252,-1.3896,-0.92674,1.05875,0.52869,1.14592,-0.92521,1.56989,0.45307,1.24838,-0,0,0.28284,-0,-0.25076,-0,-2.47422,0.15044,0,0.52342,0,0.31581,0,-0.03809,-0.05264,0.60807,0.65218,-0,0.79929,-0.08062,-0,0.6076,0.96789,0.55365,-0.21677,1.18488,-1.01703,0.37447,1.04616,-0,-1.17908,-0,0.42059,1.84986,-1.26025
1.56788,-2.63846,0,0,0.22787,-0.00076,-2.09275,1.0948,-0.15018,0,-0.7944,1.99156,-0.15508,0.98226,1.80892,0.51549,0,-0,-0,0,0.22507,-0,-0.26373,-0.91464,-0.32738,0.37456,-0.43939,-0,-1.0366,-1.60729,0.23349,2.87204,0.71811,0,1.37445,-0.24496,0,0.45385,-0.4035,0,-0,0,0.62989,-0,-0.27805,-0,2.56295,1.92156,0.39372,-1.22166
-0.95808,0.27175,-0,-0.284,1.25246,-0.86724,1.30073,-0.04844,-0,0.69229,0.18862,0.33019,-0.6847,1.52701,-0.2404,-0.55303,-0.27295,-2.01724,0.01103,0.13842,0.23362,-1.22987,2.60976,-0,0.62078,-0,0.76592,1.19776,0.18768,-0,1.18614,-0.52941,-0.37805,-1.92419,-0.37113,0,0.06349,0.58777,-0.83584,0.21292,0.20105,-0.34025,1.14404,-0.61917,-0,2.19717,1.11436,-1.0153,-0.64723,0.74511
-0.61835,1.10375,0.11384,-2.67402,0.61093,-0.28103,-0,-0.13457,0.63801,0.05458,-0.74333,-0,-0.15122,-0.4326,0.7844,-0.19816,-0.50137,-0,-0.99806,0.74075,-0,0.79477,0,-0,-0,-0.05066,0.70087,-2.00712,0.11641,1.28625,-0.77121,-0,-2.2372,-0.14377,-0,-0,-0,-0,1.17266,0,-0,-0.48133,0,-2.39596,-0.79737,0,-0.35964,-0.81705,0,0
0.66661,0.03689,-1.6741,0.44906,-1.62583,2.09722,-0.82245,-0.1869,-0,0,0.07457,-2.04864,-0,0,0,-0.85429,1.27628,0.30882,0,-0,-0,1.68067,1.38597,-0.35409,0.02943,0.80866,0,0.76533,1.67954,-0.17026,0,0.73739,-0.46833,0.05039,-0.1365,1.04051,0.03456,0,0.26354,0,0.49572,-0,2.03566,-0.69767,-1.66295,-1.10091,1.14887,-0.91,-0.16409,-0.25852
-0.55587,0,0,0.35338,-2.06018,0.03638,-0,-0.48278,2.00485,0.68446,0.15482,0.26886,-0,-2.23777,1.50465,-1.55276,2.40575,1.34608,1.11806,-0.43951,1.47001,-2.2348,-0,0.9291,1.34936,-0.76912,-0,-0,0.50401,-0.45264,0.95491,0.36229,-0,-0,-1.25563,-0.13153,-0.4754,-0.00557,0,-1.37878,0,-0,0.39735,1.27375,-0.2841,-0.77062,-0,1.6963,-0.22448,0.97837
-2.13378,-0.75357,-0,-0,0.56916,0.41056,0,1.53524,-0.71422,1.77289,0.78947,0,0.61303,2.37104,0,0.31133,-0.38604,-0,1.02795,1.34284,-0,0,0,-0.42069,0.27409,0.64974,-0.40669,0,0.72217,0.94005,0,1.16243,0.76942,0,-0,1.36455,-2.51695,0.76936,-0.33563,0,-0,0.01753,0.44924,-0.38474,-1.27972,-0.17879,-0,-0,-1.89984,-1.89697
1.21224,0.03705,0.3832,-0.0642,-0.87235,-0.55538,0,-0,-0.54121,-0.94417,-0,0.1892,0.65149,-0.1373,0,0.6853,0.9095,0.95435,0.20476,-1.27604,1.53447,0.89948,-0.08503,1.31636,1.0678,-1.23467,-0.17138,0.93916,-0.15822,-1.18913,0.25805,0.16638,-0.52525,0.8833,-0.98336,-3.42463,-0.27814,-0.59133,-0,-0.02636,-0.70531,-0,-0.34418,0.86337,-1.38381,0,-1.18683,0,1.20245,-0.79734
-0.70552,1.28955,0.87955,0,-1.44123,-0,0.40123,1.28404,-1.13671,0.63506,-1.53388,0.0608,-0.15125,0.20359,-0.05609,0.33843,-0.42438,-1.617,-0.26443,1.72065,-2.44011,0,-2.1811,1.29775,0.19098,-0.58896,-0.63041,-0.61051,0.84874,-0.67138,-0.47523,-0,0.1554,-0.99304,0,1.57918,0.94663,-2.34853,-0.38279,-0.13196,-0.72817,-0,1.11146,0.43857,-0.58875,1.30852,-0,1.61251,0,0.16345
0.83276,-0.47959,0.3881,0.03075,-0.46405,0.39976,-0,-0.65735,0.31347,0.63645,1.18336,0.06766,0.87673,0.51965,-0.68861,-0.08009,0.93093,0.13013,0.56512,0.89618,0.69117,-0.79177,0.09979,-0.76008,-0.80179,1.51469,-0,-0.0396,0,0.03985,-0.27503,0,-0.27518,0.18392,0.61066,-0.97835,0,-0,0.02326,-0,0.57436,-1.15272,-1.42984,-1.54649,1.20595,0.64504,-0.76716,-0.28719,0.9841,0.75487
0.33398,-0,-0.16858,-0.14466,1.80415,-0.5922,-1.75372,1.00467,0.40117,1.49139,-0,0.27871,0.2613,0.49562,1.42706,-0,0,0,-0.32565,0.30324,0.29208,0,1.14211,-0,0,-0.92189,0,-0,-1.44894,0.78085,-0,0.90207,0,-0.80821,-0,0,0.97357,-0.44924,0,0,-0.26571,-0.74072,0,-0.05464,-1.05867,0,-0.89644,2.36189,0.5949,0.82638
-0.36787,1.7648,-0.6937,0,0.81739,1.24864,0.59085,0,1.02156,0.34256,0,-0,1.20824,-0.72138,-0.48407,0.49647,0.28208,-1.73907,-1.77754,-0,-1.58616,1.04465,-0,0.18219,0.67879,-0.08505,1.80997,-1.64984,-0.0907,0.03384,-0.46995,0,0,1.26853,-1.38929,1.13008,-1.20318,-1.81689,0.36487,2.36866,-0.19943,0,0,-0.48254,0.55045,0.3523,-0.39748,-0.83321,0.55956,-0.03311
-0.8141,-0,-0.6587,0.59309,1.23766,0.97494,-0.36955,0.27485,-1.91044,-0,0.2599,1.66564,-0.36727,0,-0.46928,1.49097,0.23252,-0.8481,0.75992,-0,1.09797,0,-0.70567,0.25061,-0.07526,0,-0.95749,-0.37911,-1.20409,0.25124,1.0304,-0.4997,1.08182,0.34662,-0.63095,-0,-0,1.08792,-2.53254,-0,-0.64234,1.08974,-0.27014,0.92666,0,0.18183,0.33035,0,0.70217,-0
0,-2.39625,0.60253,-0.01951,0.87592,-0,-0.40187,0,0.59826,-0,0.31403,0.45171,1.57117,-1.29218,0,0.3213,1.65422,-0.49402,-0,-1.9964,1.78168,1.13682,0,0,-1.18912,1.5952,0,-0.86377,-0,-0,-1.25464,0.6191,-0.05867,-1.65711,0.0268,-1.11615,0,0.52996,-0.39436,-0.67171,-1.32883,0.28232,-0.81524,0.66527,0.53851,0.47178,-0.8563,-0.25685,-0.16291,1.41961
-0,-0.43185,-1.35138,0.88191,0.77221,0.36911,0.35104,0.60948,-0.74126,0.07507,0.64283,0.37885,-0,0.31376,1.44863,0.48236,0.88699,-0,-0.60086,-0.97635,1.57293,0,-0.84997,-0.12378,-0.2456,-0.9828,-0.30572,-0.88678,-0.36116,-0.44206,-0,-0.37138,0,-1.70565,0.99082,0.70359,-0.41199,0.44728,-0.05369,0.84608,0.92727,-0,0.75374,0.39876,0.31088,0,0,-0.5883,-0.97644,-0.11414
0.15666,0.00331,-0.09673,0.87646,-0.79591,-0,-1.48884,-0.35477,0,-3.6121,-1.44968,-1.95638,1.18117,0.80532,0.34051,-0.21956,0,-0,0.42505,1.8358,-0.24598,2.16752,0,0.29861,-0.50979,0.65361,-0.88551,-0.73571,1.43003,0.4124,0.17028,0.33188,-0,-0.04658,-0.5878,-2.00427,-1.55959,-0,0.23459,-1.03344,2.13759,1.38038,-0.80545,0.68458,0.20584,1.14822,0.26213,-0,-0.15012,-1.35039
-0.10288,0,0.95188,-1.44926,1.00156,0.4764,-0,0.92173,-1.46932,-0.20339,-0.29665,0.94609,-0.80454,0.60075,-1.13723,-0,1.07081,0.25932,0,2.01308,-2.52936,0.72721,-0,-0.57486,-0.56547,0,-0.92531,-0.4761,0.09962,0,0.30422,-1.07476,0.97318,-0.51167,0.90882,1.42239,0,-0.16925,1.96457,0.63041,-0,-0,-0,-0.23871,0,-0.2414,-2.05215,1.80339,-0,-1.05352
-0,-0.13218,0.59208,0,0,0,0,0,0.80844,0.67029,-0.9442,-0.61329,-0.24149,0.03102,-0,0,0,0.05754,-0,-0.77229,0,0.9206,0.41734,0.74433,0.3121,0.03598,-1.23356,-0.41622,-0.3262,-1.21978,1.40993,0.92325,-0,-0,-0,-0,0,-0,-0.55592,2.60488,-0.71711,-0,1.18119,-0.90167,0,-0.15773,0.27929,0.95821,-0,0.028
2.3469,-0.38868,0,0.16205,-0.9424,0,-0.07293,-0.66501,-0.88731,-0,0,0,0.67288,0.99224,-0.10066,-0,1.21181,-0.40162,-1.14646,-0,-0,-0.47136,-1.38794,0.24864,-0.34569,1.17603,0.49692,0,1.46561,-0,-0,-0.51452,-0,0,0.85236,1.42492,0.42567,-0,-1.71563,-0.18579,0.63627,-0.2767,-0,-0.91957,-0.52211,1.44907,-0.62938,0.00332,0.85587,-0
-2.21276,2.2386,0.23983,-0.33681,-0.50154,-0,0.02706,-0.68305,0.73128,1.4576,-0.26644,-0,1.31037,0.24305,0.11461,-0.9835,0.99984,0.23869,-0.85345,-0,-0.30723,0.28423,0.80653,-0.98015,0.52196,-0.82736,-1.19538,0.71814,-1.62631,0.14852,0.33329,-1.72198,-0.01337,0.49568,0.13282,0,-0.72462,0.86352,0.11341,-0.16244,0.79256,1.04691,1.23701,-2.32556,-0.87909,-0,-0,1.23416,-0.02457,-0
0,0,-0.35348,1.32135,1.76883,-0,0,0.8272,-0.70041,1.21258,0,-0.72145,1.65958,1.06721,-2.23028,-0.15086,1.64633,-0,-0,-1.08048,-0.19394,0.27627,-0.53052,-0.81301,1.02828,-0,0.14015,-0,0,1.18806,-0,-0,-0,-0.71008,-0.1411,-0.41678,0.20906,-0.45065,0.89487,0.37178,-0.61334,0.50444,0.64634,-0.56464,0.40713,-0,0,0.2882,-0.92989,0.38935
-0.30817,0.27644,-1.0467,0.07962,0.52826,-0.39233,2.52116,-1.08703,-0,0,0.76768,1.874,0,-0.62225,-0.05837,-1.48738,-0.65525,0.04121,-0.88449,0,-0.15838,-0.88341,-0.81442,-1.14114,-1.07573,0.20006,-0,-1.31818,-0,-0.83572,-0,0.70851,0.0229,0,-0.31854,0.83563,0,1.02238,2.02187,-0.72517,-0.81557,0.90672,1.06984,0.82539,0,-0,1.44115,1.001,0,0.1066
0,-0.18527,0.84525,0,-0.66054,-0,-0,-2.61363,-0,-0.94402,0.27094,0.73605,0.90306,0.8966,1.63452,0.58609,1.86445,-0.38496,0.2269,0,-0.23213,-0.30788,-0.96032,1.52295,0.15876,-1.3212,0.45164,-0,0.56511,0.1761,-0,0,-1.18233,-1.18177,0.98104,-0.26834,0.79725,0,-0,-0,-0.4021,0.21185,1.17785,-0.32308,1.62522,1.61384,0,1.01929,1.20776,0.90001
-0.20698,-1.43324,-0.31913,-1.48152,0.02037,-0.70426,1.34444,-0.39818,-1.27819,1.14534,0.49612,0.05832,-0.61981,-0,0.71904,-0.08549,0.86049,-1.2933,-0,1.43061,0,0.82765,0,1.41179,-0.04225,-1.25082,-0.30135,-0,0.31784,0.45836,-0.49737,1.45008,-1.25429,0.45288,-0.34725,-0.50255,-1.53589,0,-0,-0.09024,0.83953,-0.33653,-0.12346,-1.26436,0,-0,-0.55483,-1.12167,-0.82727,-0.80652
-1.58849,1.02528,0.14132,-0.29573,-0.44098,-0.21828,0,-0.77057,0.2418,1.37487,-0,-3.04809,0.97038,0,-0,-0.57883,0.66965,0.37999,0,-0.2425,-1.41536,-0.35909,-0,0.06574,0.84449,0,0.20085,-1.31056,0.17634,-0.15274,1.08834,0,-1.16432,0.25737,-0,-0.74796,-0,0.70511,0.2938,0.36197,-0.19701,-0.53549,1.35646,1.88034,-2.63007,0,1.31292,-0.68436,-0,1.04736
-0.80072,-0,0.75507,-0,-0.69355,-0.06453,-0.30338,-0.75564,-0.58724,-1.47262,0,-0.79887,0.31929,2.01126,-0,1.03156,0.50589,-0,-0.40489,0.38104,-0.0172,0.16028,0,0,1.8611,-0.35261,0,-0.30181,1.17003,-1.23736,0.06182,-0.17526,0,-0.85454,1.69395,-0.44222,0.10189,0.54169,-1.75212,0.93195,0.37684,-0,-0,-0.62544,-1.41334,0.7765,-1.51037,-0.5743,1.2452,0
-0.8195,-0,0,1.23601,-1.05291,-0.28808,-0.31893,0.78665,0.32946,-0.05898,-2.51782,-0,0,1.28339,0.43213,-1.26471,-0.07778,-0.08082,2.77481,-0.13191,-0.2102,-0,-0.56093,0.33898,0,-1.34724,-0.22797,-0.852,-0.01715,0.84976,-0.07259,2.18079,1.77672,2.44092,-1.68408,0.0144,-0,-1.58756,0,-0,-1.07611,0.28447,-0.6745,-1.88916,1.47671,-0,-1.53778,1.307,-1.24493,-0
-0,-0.33462,0.18231,1.80399,-1.46635,-0.80823,-0.23852,-1.25175,0,-0,0,0,0,-1.60097,1.28732,0,1.341,0,-0.32067,-2.24763,0,0.73176,-0,0,-0.27378,-1.13212,-1.35658,-0.13357,1.05183,-0.05028,-0.29015,-0,-0.76625,-0,0.71665,-0.32274,-0.74277,-0.76172,1.88404,-0,-0.28615,-0,2.11843,0.53828,2.14843,-1.39467,-0.50394,1.28156,2.07783,0.02006
-0.32684,0,1.90878,0,0.71376,-0.99885,0,0.54356,0.63048,0.47033,-0.42474,-0,-0,0.75231,1.38486,-0.01478,1.93377,2.40387,0,-0.52637,1.07248,-2.06979,-0.70329,0,0,0.35424,0.36784,-0,-0,-0,-0.37784,1.21457,0.94391,-0.68494,2.10834,-0.5133,0.03182,0,-0.85761,0.728,-0.31997,-0,-0,-0.47048,0.17886,-0.5197,0.7987,0,-0,0.282
-0,0,-1.16923,0,0,-0.62736,-0,-1.83984,0,0.39512,-0.63245,-0.26558,-2.46122,0.23159,1.826,-0.82833,0.03384,0,-1.57366,0,0.74266,0.44181,-1.14562,-0.45448,0.19258,-0,0.55221,0.06183,0.23425,-1.9779,0.7656,-0,-0,0.90488,0,-0.63079,-1.00015,1.19759,-0.10714,-0,-0.74532,0.29534,0.21579,-0.6572,0.02788,-0.68799,-0.10045,0.26226,-0.4759,-1.50618
0,1.68027,0.82827,-0.28755,-0.04637,0.5124,-0.44601,-0,-0.12275,-0.83267,-0.71115,-2.17129,0,-0.38945,0,0,-0.05942,-1.3445,-0,0.05857,0.54901,1.87713,-0,-0,-0,-0,0.1717,0,-0,-0.86763,2.11673,0.5852,-0,0.74017,-0.2333,-0,-2.08339,0,-0.91579,-0.8777,0.31994,0.65876,-0.49332,0,-0.02355,0,-0.75703,0.31117,-0.73088,-0.22946
0.43288,-0.48024,0.12267,-0.64774,0.60198,-0.2937,0.06656,-0.66798,1.56422,-1.46327,0,0.03811,-0,-0.75671,2.58648,-1.19462,0.45203,0,-0.91909,-0,2.2579,-0,-1.37292,-0,-0.28996,1.01756,0.17862,1.97325,-0.1404,-0.27806,2.1448,1.1158,0.81429,0.68885,0.82419,0.74874,0.1094,-1.05143,1.15185,-1.32055,-0,0.16194,2.49598,-0.33037,1.56316,0.65328,-0,1.56285,0.72158,0.28157
-1.5028,-1.13408,-1.57886,-0.76422,0.30565,-0.69626,0.32908,-0.82305,-0.67895,0.34195,-0.87599,0,-1.13171,0.86601,0,-0,0.41197,0,0,-1.02962,-0.77503,-0.91929,-0.76408,-0.09051,0.91854,1.08883,-0.22091,-1.01151,0.06762,0.44417,-0.85345,-0,-0.38617,0,0,-0.04683,1.69654,1.16071,2.03282,1.20159,-0,-0,-0.49383,-1.25332,-0.26783,0,-0.68834,0.21903,-0.31957,-1.02029
1.07206,-1.61653,0.54592,-1.01195,-0.37607,-0,0.60373,0.25842,0.47901,-0.63547,-0,-0.17869,0,-0.50334,0,0.52486,0.26397,-0,-0,-0,-0.18471,1.26899,-1.00189,0.71582,0,0,-0.59198,-1.20332,1.19057,0.59084,-0.42656,-0.38357,-0.19977,0,-1.14727,0,1.9161,-0.06044,-0.24586,0.95956,-0.0515,0.05148,-2.20413,-0.2714,0.84899,-1.50342,-0.9668,-0.07516,-0.31627,-0.55949
0.14092,0.69017,0,-0,0.20217,0.84464,-0.29742,-0.49236,1.50413,-1.13761,0,-0.54028,-0.47433,-0.10781,0,-0,0,0.39794,-0,-1.31305,2.70206,-0.92358,1.68193,1.57828,-0.46936,0,-0.16438,-0.32798,0,-1.23454,3.01037,-1.06705,-0.76776,-0,0,0.61057,0.12771,-0.63788,-0,0.56693,1.21247,1.38921,-1.02948,0,-1.28583,-0.46964,0.01216,1.0353,-0,-0.61301
0,1.25643,-2.19858,-1.25683,-0.31684,-0.24525,0.21557,0,0.96464,-0,-0.15485,0.92371,-0.52655,-0.04777,-0.97672,0,-0.3362,-0.12187,0.73477,-0.06938,-0.71944,0.82309,0.78078,0.22499,0,1.29029,0,-0.75627,0,0.79244,-0.756,-0,-0.94067,-0.75311,1.19163,-0.37118,-2.01942,0,-0.97152,1.20574,-0,-0.42008,0.61841,0.61095,0.04013,-0.69452,2.86779,-0.46005,-0,0.26609
0,1.21574,1.10571,0.44055,-1.18184,0.09498,0.46379,0.99616,1.29266,-0,0.42526,0.64998,-0.338,0.48587,0.72895,1.11189,-0.29787,0.20161,-0.4253,-0.32176,-0,0.2346,-0,-0,0.55402,-0,-0.14554,-0,-1.02547,-0,0.14552,-0.99103,-0,-0.59686,0.73204,2.29234,-0.95295,0.01199,0.19123,-1.6638,-0.97568,0.82331,0,0,-0,-0,-0.96704,-1.81241,0,1.4099
0.56567,-0,-0.5678,-0.46261,0,-0.04808,0.04696,1.16357,-3.23729,0,1.11854,0,0,-1.0536,-0.86864,0,0.08145,-0.44427,1.48286,-0.9049,0.92516,0,0.28342,-1.78835,0.8053,-2.28335,0,0.25407,-0.58701,0.74276,-0.42015,0.51898,2.06706,0,0.07103,0,-0.71469,0.18589,-0.76233,0.30033,0,-0,0,-1.09734,2.56182,-2.09144,-0.25111,0.74314,-0,0
0.5459,0.44203,-0.36949,1.25053,0.75738,-0.55384,-0.24631,-0.51178,-0.26262,0.09899,-0,-0,0.28368,-0,-1.3976,0,0.78725,-0.88008,0,-0.10744,0.47918,0.8627,-0,-1.47162,0.08496,-1.23844,-0.01317,-0,-1.52882,0.21403,0.22535,-0.81145,1.84828,-0,-2.1854,1.08002,0.39755,-0.46429,0,-0.38907,1.00709,0.41269,-0.74887,-0,1.57469,0.13557,0,1.38791,0,-0
1.76417,-0.74774,0.52946,-0.11148,0,0.85668,-0,-0.12202,-0.05825,-0,1.3229,-0.84712,2.19894,0,-0.59655,0,0.65462,-0,1.0588,-0.27734,-0.16404,0,0.29155,1.8397,0.14364,-0.90806,-0.38401,-0.9894,-0,0.05281,-1.36634,1.76762,0.97031,0.37339,-0.46561,-0.58208,1.00852,0.30693,-0.38483,0,1.39096,0.63312,1.01165,-0.22963,0.38944,-0,0.05995,-0,0.23445,0
0,0,0.48901,-0.15762,0.4345,-0,-0.14996,1.27998,1.03748,-0.32037,-0,-0.57159,-0,0.00389,-0.5212,-0.9959,-0.9094,-0,-0,0.66218,0,-0.78662,-0.50148,-0.18908,-0.74229,0.8796,0.56862,0.8166,0,0,-2.51983,0.58472,0.27341,-0,-0.68728,-0.29649,0.11412,-0.96889,-0,-1.72962,0.83133,-1.36091,-1.1298,2.01857,0.5811,-1.72809,-0,-0.94441,0.03045,1.31714
0.58648,0.257,-1.73034,0.42073,-0,0.57471,-1.06621,0.4268,-0.14488,0.4431,-0,0,-1.13505,-0,-0.30396,0,0,0.85954,-0,2.39748,0,-0.42953,0.55198,-0.07262,0.39319,-0.29536,0.3355,0.71115,-2.59193,1.80858,0.97621,-0,-0.42126,-0,-0.38658,-0,-2.27086,0,-0.34636,-0.484,-0.49534,2.04562,-0,-0,-0,-0.04524,0.61267,-0,0.22171,0.67352
1.07899,-0,0.18893,0.03071,-0.8314,0.72982,-0.27413,0,-0.63185,-0.80325,-0.96069,0,-0.20471,-0.99628,-2.29003,0.95625,0,0.651,-0.10879,0,-0,0.57533,-0.425,0.24738,0.08288,0.24068,0.70403,1.42533,0,0.93674,-1.24823,0.97093,-1.64089,-0.55491,-0,-1.16604,-2.60151,-0,0.4825,0,-2.06256,-0.09677,1.7714,1.5237,0.14391,0,-0.75321,0.83881,0,0
0.2334,-0,0.33187,-0.92901,-0.90924,0,-0,-0.64652,-1.89438,0.17866,-0.29552,0,0.84341,1.25825,-0.54854,-0,1.16606,-1.06511,-0.1755,-0.45566,0.56502,-0.8649,0,-0.2253,1.05322,0.5655,-2.48915,1.18601,0,0.1615,0,-0,1.09684,1.11207,0.60449,0,-0,-2.77524,-0,0.29119,0.08634,2.2701,0.3462,0,0.85378,-1.49042,2.42905,-0.56928,0.38123,0.83705
-0.24032,-1.36802,1.32823,0.14751,-0.09755,0.42756,0.83157,-0.59099,-0.6292,-0,-0.07291,0,0,-1.86056,-0.62661,0.67288,0,1.04722,0.41422,0.45775,1.24177,-0,-0.93655,0.67995,-0.11941,-0.42623,0.74863,-0.43803,-2.28062,0,-0,0.60564,0,0.85294,0.7206,0.62997,-0.88024,2.09786,-0.76222,0.50613,-0.14357,0.72955,0.02284,0,-1.38068,0.94158,1.0661,1.08191,-0.6389,0
-1.70928,1.28989,-0.33174,-0.18181,-0,0.95042,-1.29055,-0.83923,0,0.24845,3.06745,0,-0.78932,2.21232,-0.10471,0,-1.29133,0.3372,1.57862,0.1223,-1.1731,-0.30571,-0.2532,1.49422,-0,0.73967,-1.02715,0,-0,-1.27271,0.05696,1.24114,0.85394,-0.86989,0.37708,0.65867,-0,-2.71444,1.52837,1.59761,0.27578,-0.79685,-0,0.3373,-0.01528,-2.07353,0,-0.22079,0.39342,-0.32091
0.89068,0.32828,-0,3.02005,0,-0.85138,-0.58165,-0.05408,-0.75758,1.92413,0.04576,-0.22892,-0.87965,0,-1.33319,-0.98457,0.96298,0.83537,0.25058,-0.72058,-0.4599,1.22927,-0.1344,-0.26075,0,-0,-0.07198,1.04708,0.37734,0.35455,-0.18936,-0.55743,0.33626,0,-0,-0,0,-1.017,1.70946,0,0.54318,0.94593,-0,0.0872,0.51931,0,0.71141,0.26297,-0,-2.56055
-1.08917,0.4542,-1.27375,-1.37805,-0.03755,0.29336,-0,0.63838,-0,-0,-0.27793,-0.61752,1.48224,0.09429,-0.62199,2.21616,1.93366,0,-0.31841,1.0868,1.00925,-0.15418,0,0,-0.45496,1.6656,-0.48793,-0,0,1.17548,-0,-0.28494,0,-0.23147,0.02716,0.82274,0,0,0.50209,0,0.32213,0.68299,1.46605,-0.57093,0.00361,0.6624,2.17568,1.65175,-0.12736,0.26984
0.71382,-0.03449,-0,0.41319,-1.11953,-0.43919,-1.6405,-0.10486,0.85669,-0.56111,1.10609,-0,0.10086,0.79774,1.02447,2.50155,0.81551,-1.33868,1.345,-0.33251,0.00602,-0,-1.29561,0,0.02491,-0,-0,0.96683,-0,-0,1.0681,1.0132,-0.36198,1.51286,-0.38564,-0,0,0.23233,0.51632,0,-1.09474,-0,1.25604,0.05256,-0,-0,0.03912,0,-0.92771,0
-0.31002,-1.10985,-0,0,-0.42213,-0,0.5618,0,0,0,0.67219,-0,-0,-0.00639,-0.40084,0,0.40669,0,-0,-0.73149,-2.26005,-0,1.94005,-0.16146,-0.95179,-0.05685,0,0,1.20614,-0,0.62398,0.9696,-1.20794,-0.01798,-0,-0.14365,-0.15855,0,1.38289,-0.46339,2.00384,1.51385,-0.71145,1.2757,1.70059,0.39049,-0.08837,0,-0.11739,0
-0.72658,0,-1.57454,0.5822,0,1.93001,0,0.71058,0,2.01219,-0.77665,-0.78501,0,0,1.37762,-1.24346,-1.40466,0.74411,0.37775,0,1.58363,-0.50587,-0.2986,0,0.16127,-0.38787,0.20474,1.6367,-2.29722,0,-0,0.00479,-0.00807,-0.22778,-0.96768,1.07372,-0.94252,-0.21013,1.35359,1.12955,-0,0.95268,-0.36473,-0,0,1.46917,0.28649,-0.35365,-1.15931,0.44339
-0.39761,0.92743,0.15659,-0,-0.83064,0.01679,0.11612,-0,1.78481,0.4098,-1.60707,-0.17281,-0.38305,0.33445,-0.12476,-2.13171,0,0.65678,0.26358,-0,0.92927,0,0,0.1638,0,-0.4189,0.75378,-0.278,-0.41601,0.30386,0,0,0.90267,-1.93137,-0.75257,-0.04952,0.79208,1.17526,-0,-0.33417,-1.58772,-0.66628,0,-0.05528,0.37916,-0,0,0.45961,-0.30076,0
-1.01962,-1.93338,0,-0,-1.61282,-1.12607,1.32227,-0.33909,-0.45114,-0.36821,0.01757,-1.85316,0.74788,0,-0.17611,-0,-0.79178,0,-0,1.1718,-0.69648,-0.07851,-1.10898,1.28017,0.29472,-1.55368,-1.06192,-0.99511,-0.60971,-1.23197,-0.03136,0,0,-1.05729,0.14839,-0,1.80787,-0.11683,-1.065,0,-0,-0.38868,2.48816,-0.60205,0.38564,0.32385,0,0,0,0.92212
0,-0,0.13825,0.22053,0.77448,0.63384,0.13375,0.1217,-0.58217,0,0.55997,-0,-0.44627,0.94905,-0,-0,0.05509,-0,-0.11274,-0,-0.82965,0.59674,-0,0,-0.31394,0.07484,0.87924,-0,0.36385,-0.09576,0.04548,0.28219,-0.632,0.57718,-0.54436,1.07057,0.4775,0.723,-0.2692,0.56508,0,-0,1.29106,-0.32837,-1.15042,0,0.4863,0.55381,-0.39775,0.4916
-0.70942,-0.26609,-0.16102,-1.87467,-0.16263,0.5801,1.80003,-2.35902,-0,-0.81239,0.59997,0.53023,0.64628,-0.0292,0.89788,-0.14452,-0.50563,-0.10668,-0.03883,0,0,0.25451,-0.0212,-0.57796,0.41202,1.82456,-1.19379,-1.05366,-0,-0.49027,0.91233,0,0.5442,0.58066,-0.47597,0.87807,0.10733,-0.33003,-0.73076,-0,-0.43218,-0.52925,-0.3192,-0,-0.87988,0,-0.40616,0,-0.67867,0.72799
-0.28984,1.35053,-0.96577,0.20377,-0,1.60526,-0.41273,0,0.35543,0,0,-0,-0,1.12808,-0,-0.37673,-3.43646,-0.18373,0,-0,-0,-0.33895,0,-0.62508,-0.38391,0.89206,0.92763,0.153,0.53583,-1.12502,0,0,1.32555,0,-0.83912,0.86092,1.96549,-0,0.76109,0.29555,-0,1.6343,1.36549,-1.62228,-1.08473,1.40538,0.65133,1.18453,1.25861,-0.00271
-1.4999,-2.2682,0,0.94036,2.04327,-0.74287,0.56344,2.28614,-0.98771,0,0.09712,1.61588,-1.10488,-0.91793,0.83068,0,0.31869,-0.69302,-0,-0.90754,-0,-0.1112,-0,-0.54553,1.06313,1.52793,0,-2.72606,-2.89473,-0.6892,0.00177,0.88109,-0,1.0964,1.98962,0.34994,0.70504,0.38722,0,0.32029,-1.6015,-0.20761,-0,1.15511,-0.91816,-0.96195,0.00514,0,-0.66785,0
-0.41419,0,-0.27653,-1.05121,-1.43516,0.5373,-0,1.77128,-0.76051,0.54863,0,0,0.00022,0.06512,-0,-0.72496,0,-0,0.61261,0.03031,-0.59195,3.3165,0.23851,-0.28708,-0,-0.25156,0.84454,0,-1.41941,1.38948,1.7002,-0.44371,0,-1.80981,-0,0.73731,-0,-2.55083,3.48737,0,-0,0.77717,0,0.03227,1.57744,-0.95658,-0.4097,-0.90073,0.61068,0
0.55119,0.88003,-2.73638,1.24837,-1.01387,0,-0,1.44772,-0,-0,0.0347,1.99308,0.3453,0.89822,0.77156,-0.28866,0.10596,0.17267,-1.02068,-0.244,-0,0.62125,-0.91896,1.75457,-0,-0,0.24042,0.85413,1.67673,0,0,0,0.60029,0.33685,0.68971,-2.15489,-0.76511,0.15776,-0.63909,0.68033,1.49408,1.39908,-0.6711,0,-0,-0.37444,0.51636,-0,0,-1.03322
-0.00705,1.83872,-0.98099,0.33107,-0.09444,-1.14441,-0,-0.94744,-0,-0,-0.0591,-0.13545,-0,1.09031,0.28781,-0.5328,1.10896,-0.91858,-1.70387,-1.47564,-0,-0,0,0,0,2.25935,0,0,1.2279,0,-0,-0.51758,-1.3955,-0.41137,0.12706,1.91846,0.39487,-0.42597,0,-0.40301,-1.71038,0.9774,-0,0,0.16283,0,0.15087,0.21268,-0.29417,-1.04252
0.58671,-0,0.38206,-1.17785,-1.29243,-0.63538,-0.59774,2.02286,0,-1.16988,1.22585,-0,1.00043,-1.05117,-0,-0.51497,0,0.4133,1.00364,0,-0.19998,-0.69165,0,0.33381,-1.73776,-0.24232,1.28938,-1.23161,0,1.31377,1.54854,0.03654,-0.64433,-0,0.10436,-1.0804,-1.21934,0.6569,-0,0.98765,0.83647,-0.57449,0.35803,-0,-0.9194,2.77424,-1.32181,-1.42147,-0.79151,-0.94421
0.57194,0,0.60509,-0.56192,0.01463,0,0.52685,-0.52918,0.7081,0,-0,0.54436,-1.03215,0.21256,0,-1.73081,-0,-0.06545,-0.34459,-1.96884,0.29702,0,0.1604,-0.84897,0,-0.54123,0,0.52842,-1.12934,-0.63207,-0,-1.25301,0,-0.1203,2.2424,-0.71343,1.82864,0.4615,-1.34531,0,1.70288,-0.44982,-0.8684,0.26029,-0,-0,-0.03927,-0,0.18919,-0.97571
-0,-0.85012,1.79191,0.15056,-0,-1.99793,-1.78591,-1.88538,-0.11358,-0.00427,-0.09486,-0,-0.9066,-1.79825,-0.35158,1.92787,0.44915,-2.12099,-1.75359,0,-0.24681,0,-0.62315,-0.59724,0.60195,1.26124,0.56898,-0.92461,1.62639,-0.83421,-0.56742,0,-0.72294,-1.11483,0.07394,0.48068,-0.64788,-1.22549,-0.70896,0,0.17071,-0.58186,-0.84952,0,-0.60744,-0,0.53106,-0.60429,2.27978,-0
-1.35792,-0,-0.08178,-0.42392,-1.24548,-1.26074,0.20641,0,0.8765,-0.85839,-0,-0.84833,0.83913,-2.91242,-0.97023,-0,0,1.03578,-1.22612,-1.3583,0.34418,0.06256,0,0.56246,0.10021,-0.27355,0.9547,0.28844,-0.44175,-0.62744,2.33243,0.88066,-0.02449,0.29405,0.01481,-0,-0,0.49735,0.14433,-0.69232,-1.39401,-2.5833,-0,-1.51592,-2.21762,0.79319,-1.2651,-1.04063,-0.19695,-0
-0.24157,-0.05827,0.16977,-1.02408,-0,0.96114,-0,0.56034,0,-0,-1.44772,0,0.16357,0.5294,0,0,0.14964,-0.80307,0.6068,1.23735,-0.10829,-0,-2.11506,-1.35435,-0,0.07386,0.97156,1.27129,0,0,1.09857,1.19655,-0,0,-1.12375,-0,0.45953,-0.88867,0.87234,-1.04336,-0,0,-0.0764,0.217,-0.31901,0,-0.98189,-0.91467,-0,-0
-0.33295,-0,-0,1.72655,-0.66439,0.5521,-0.97769,-0.31746,-0.9648,-1.00503,0.1556,-0,-1.24943,-1.05689,-0.34718,-0,-0,-0,0.69387,-0,0.90881,-0.84948,0.1375,0.4402,2.07186,1.26292,-0,0,-0.27273,-0.02654,0.10203,0.43781,0,-1.71919,-0.0082,0.25549,0.79988,0,-0.37274,0.10841,-0.65802,-0.81873,-0,-1.7246,-0.00835,-0.09884,0.38168,0.09058,1.04137,1.05223
-1.62594,0,0.70994,-0.40496,-0.47268,-0,-1.74132,1.43165,-0.40533,-2.09242,-0.44121,0.99199,-0,-0.1,-0.03895,-0,-0.09653,0.10497,0.55064,-0.59904,0.74834,-0.41609,0.11434,-1.52524,0,0,-1.90461,-0,-1.01267,0,2.60609,-1.13722,0.13882,0.29303,0.38404,-0,0,-0.18393,-1.10834,0.74375,0.63391,-0.42144,-0.46431,0.80495,1.77297,-0.55064,-1.00662,-2.46214,1.28358,0.90111
-0,-0.18874,-1.3552,-0,-0,0.43098,-0.39342,-0,-1.18396,0.83746,-0.27811,1.73447,-1.03186,-0.36648,2.28019,0.13093,-0,-1.16453,0.30925,1.71165,-0.48055,0,-1.93261,0,-2.07845,0.27621,0.18964,0.6274,-0,-0,0.45557,-0.20843,0.3411,-0.26647,-1.02645,0.32827,-0,0,0,2.43482,-0.4229,-0,-0.90573,-0,0.94716,0,-0,-0.75864,0.84494,-0
0,1.57821,0.27336,-0.13181,-0,-0.42363,0.30723,-0.28621,0.86198,-0.42622,-0,-0,1.36091,0.66915,-1.09175,-0.01195,-0.07539,-0,0,0.84699,0,-0.13549,-0.07042,-0,-0,-0,-0.00382,1.46758,-0.33527,0,-0.03245,-0.86296,-0.32921,-0.76356,0.67544,0,0.43352,-0,1.03899,-0.95663,0,-0,-0.62307,0,0.24834,-1.6323,-0.14324,0.61379,2.10909,0.34682
0,0,0.30739,0,-0.00464,-0.19122,2.00642,0.08838,0,-0,-1.23346,-0,-0.27141,-0.01406,0.8899,-0.59575,0.01136,0,-0.13538,-0.71401,-0.31501,-1.60814,-0.08122,0,-0.65564,0.87798,0,-0,-1.16391,-0.12679,-0.11315,0.55892,0,-0.12412,-1.46714,0,-0,0.44329,-0.39208,0.96771,-1.28317,0.20762,-1.33246,-1.45068,0.68366,0.00038,1.56281,-0.6546,0,0.42781
-0.32481,-1.10005,0,-0,0.43469,-1.3864,-0,-1.66549,0.45009,-1.12278,1.62673,2.58975,0.45569,-0.70206,-0.1334,0.16748,-0.50227,0.30668,0.52018,0.93327,-1.07661,0,0.0251,-0,0.78968,-0,-0.28977,-0,0.76724,1.51534,0.42137,1.03952,1.25285,0.56059,1.24262,0.03956,0.33186,0.0573,1.10043,-1.58535,0,0,0.089,0,-0.70608,0,-0,-1.30518,0.51166,-0.30682
0,0.12374,-0,0.01624,0,-0.09435,-0,-0.78714,-0,-0.64452,0.01876,-0.81609,-0,0.55507,0.49364,-0.5446,-0,0.11651,-0.10821,-0.04766,0.70934,-0.24789,-1.78723,0.29122,-2.29628,1.09793,-1.64833,0.17627,0.22921,-0.8373,-0,-0.4271,0.04463,0.10348,-0.52743,-0.10933,0.09304,0.08208,1.45999,-1.04153,0.00523,0.43284,-0,-0,-1.01,-0.80579,0,-0,0.20825,-1.87651
0,-0,0.6662,-0.31267,-0.27398,-1.16003,-0.92078,0,1.18863,0.11606,0,-0,-0,-0,-0.0877,-0,2.45936,-0.10264,-0,-1.63591,-0.56279,-0.29512,-0,-0,-1.24948,-0.02674,1.9817,-0.27737,-0.56399,-0,-1.97469,0.62388,0.54116,0.95238,-0.52079,0.54191,-0,0.8422,0.00755,-0,-0,0.89042,-0.68729,-0.13193,0.20944,0.76627,0.93111,0.83289,0,0.05362
-0,0.65315,0,-0,1.74026,0.61517,-0.03533,-1.22298,-0.91124,-1.70631,-0,-1.74998,0.63965,-0.70404,-0,0.21502,1.30911,-1.94195,-0.70499,0.44513,0,-1.01712,-0.53375,0,-0,0.03517,0.21596,-0.25553,-0,0.29321,0,-0.18543,1.42592,0.46292,-0,0.02345,0,0.51353,0,0,-0,-0,-0,-0.70671,-0.51801,0,-0.65539,0,0.21023,-0.0937
0.54728,0.02149,0.46276,-0.28293,0.1749,-0.33509,1.43993,0,1.01162,0.08118,0.42268,0,-1.20695,0.64408,-0.32879,0,-0.30987,0,-1.4158,0.06985,-0.22146,-0.2677,-0.40059,0.28361,-0.65488,-0.14739,-0.42762,0.49313,-0.31575,-0.95648,-0.22966,0.36317,-0,-0.23896,0.01634,2.04376,-0,-0.83413,1.16872,0.25355,-0,-0,-0,0.62317,0.29567,0.52687,-0.84298,-0,-0.16088,0.05274
0.19673,0.08496,-0.75677,0.09977,-0,0,-0.76947,0.70259,-0,-0.07521,-0.22788,1.52186,0.3782,0.76478,0,-0,-1.12395,1.28086,0,-0.72495,0.64658,-0.35226,-0.2065,1.38941,-0.4431,0,1.77824,0.85228,0.39216,1.51313,-1.00388,-0,0,-0,-0.54697,0.67182,0.57568,0.01854,0.2569,1.09514,0.66887,0,1.59003,0.83375,1.1535,-0,0.62738,-1.79614,-0.88203,1.01143
1.56233,0.00376,-0.01545,-0.14594,-1.10944,-0,-0,0.79012,0.37804,-2.06858,0,-0.33028,0.39009,-0,0.98169,0.2116,1.58412,-0.33664,-0.06641,0.87531,0.26523,-0.73853,-0.15502,0.50678,0.50045,1.5246,0.61192,0.66139,-0,-1.31857,-0.24424,-0.13422,0,-0,0,0,-0.09247,0.28919,0.23057,-0.33646,-0.92652,-0.79121,-0.36942,0.83331,-0,-0.90714,-1.37038,-0.50104,1.22529,-0.57563
0,1.93687,-0.20578,-2.50897,0,0.06497,0.1642,0,-0,0.93393,1.51802,-0.49239,-0.19594,-0.94426,-0.54003,-0.70725,-0,-0,-0.19742,0.19024,-0.77395,-0.19093,-0.46972,0.11319,0.29471,-0,0.51265,-1.03736,0.60187,0,-0.39459,0.05231,-1.71059,0,0.37498,-0.30183,-0.4494,0,-0.75144,0.73538,-0.24255,1.76589,-0.13682,0,0.11952,0.8148,-0,-0.20295,0.86852,1.62197
-1.42976,-0.47198,0.61688,0.96346,-0,-0.76449,-1.94124,-0.43535,-0,0.14318,1.77823,-0.19126,-1.01776,-0.19607,-1.39077,-0,0.06859,-0.5836,-0.46912,-0.22505,-0.74003,0.09441,-0,-1.2317,-1.77042,-0,0.41655,0,0.60818,0.49739,1.09404,-0.79936,0.82561,-0.41583,0.29699,-0.58949,1.36667,0.22208,0,-0.6372,-0.04258,-0,-0.48038,0.47936,-0,0,-0.17298,0.10517,-0.38414,-0
1.69162,0.98894,-0.45959,-0.59729,-0,-0.55528,0.86379,-0,0.87856,0,-0,0,-0.7621,0.15269,0.07198,-0.08381,-1.36997,-0,-2.37491,-0,0,-0,0.32808,0.47131,0.72889,-0.11828,0.23395,-0.68816,-0.39372,-0.12101,1.66465,-0.76673,0,-0.34557,-0,-0,-0.62064,1.75388,0.00572,-0,-0.04967,0.25093,-0,0.80376,0.9741,2.08921,1.96569,-1.04382,1.16817,-1.46763
0,0.05917,-0,-0,0,1.51648,0.00242,0,0.44008,0.40225,0,-1.53262,-0,-0.51116,0,-0.28333,-0.54599,0,1.23358,-1.54643,-0.84352,1.07921,2.2833,-0.47469,1.10334,0.22723,0,-0.88366,-0.18001,-0,0,-0.60645,-0.24934,0,-0,0,-0.18182,0.81732,-1.12295,0.30713,0,-0.39688,0.67313,-0.90496,-1.03803,1.2659,-0.49611,0.74767,-0.16517,-0.35421
-0.05905,0.40025,-0,0.30704,0.03928,0.36185,-0,-0.50115,0,0,-0.03302,0.54433,-1.02532,-0,0,0.31734,0.85599,-0.37848,2.17419,1.00488,1.07742,1.59233,0.4235,0.48625,0.70038,0,-1.48107,0,0,1.68946,0.26341,-0,0.8546,0.50902,-1.06774,0,1.1296,-0,0.10947,-0.04092,0.32171,0,-0.53724,-0.07457,1.16099,-0.98518,-1.36766,0.48976,0,-0
-0.13817,0.18128,2.27914,-0.36274,0,-0.12937,0,-0.07597,-0,-0.16826,1.16049,-0.01243,1.66195,-0.13173,1.52005,-0,1.25891,-1.07991,0.72793,-0.16844,-0,-0.22511,-0.46176,-1.84011,-0.33321,1.24073,0,-0.39956,0,0.67736,-1.3885,0.76412,0.24108,-1.91083,0,-0.1092,-0.10248,-0.29387,0,-0.53853,-1.73769,-0.88333,0,-0.54919,-0.32114,-0,0.65149,2.34333,0.07802,-0.32496
0.5842,0.98773,0.11296,1.26393,2.03454,-0.85589,1.08894,0.21062,-1.01722,0.74239,-0,0.96723,0,0,-0.56118,-0.72221,-0,0.2624,0.4612,-0.86813,0.12334,1.687,1.50789,0.98914,-0.23307,-0,0,-0,0.30416,-0.21887,-0.4674,0,-0,0.31271,0.87496,-0.21614,-0.12937,0.00133,-0,-0.87989,2.26653,0.65617,-0.77133,0.68974,0.33049,0,0.57506,1.3332,0.82244,0.9281
0.33482,-0.77899,-0,-0.87871,0,-0,0.23215,0.1009,-0.99319,-0.26399,-0.57206,-0.19106,1.35318,2.14668,-0.18669,-0,-2.32798,0.35882,0.6317,1.23393,1.07753,0.37105,0,-1.8402,0.72134,0.06884,-0.69222,0.94077,0.37793,-0.90931,0.67695,0.02393,-0.56755,-0.27219,1.16643,0,-0,-0.02821,0,0.8759,0,-0,1.18729,1.04597,-0.42414,-1.43731,-0,0.0387,-0,-1.40517
0.86216,0,0.68382,0.68584,0.90652,-0.50151,-0,-0,0,-0.81261,0.49343,0,-0.37721,-0.15205,0.35809,0,-0.11471,0.8527,0,0.06885,-1.42296,-0.18911,-0.36943,2.86926,-0.49444,1.18678,0.21211,0.3794,0.72776,0.31119,0,-2.11953,-1.66374,0.39236,1.3672,-0.48775,1.81278,-0.17324,0.90175,0.66374,1.01997,0.55331,-0.16807,1.49649,1.03451,-2.29419,1.22074,1.4534,0,-0
-0.29671,0,1.90653,-0.5222,0,1.35619,-0.43082,-0,0,1.35774,-0.62268,-0.52521,1.22458,0.27623,0,-0.08273,-0.94108,0.01872,0.0344,1.61408,0,0.73181,-1.41926,0,0.03373,-0.23191,0,0.6942,0,1.7864,1.21661,0.26887,1.21446,1.57606,-0.06475,-0,0,0.96957,0.24107,-0,0.70385,0,-0.72498,-0,-0.76766,-1.38054,-0.4429,0.19301,-0.86449,0.55059
-0.93221,-0,1.18659,-0.63793,0.11981,0.41302,-0,2.14624,-0.11467,1.27178,0.62519,0.20116,0.52335,-0.08458,-0.48289,-1.17104,0,-0.75951,0,-0.07893,0.03179,0,-0,-0,2.46967,-0.02626,-1.02378,1.01671,0.73319,0,-1.14759,0.00354,-0.79789,-0,0,-0,-0,1.13942,1.31531,0.06526,0.48616,-0,-1.18213,0.8825,0.95431,-0.35637,0,0.56221,0.3549,-0.25738
-0,0.30988,0.66973,-1.68755,-0,1.27469,2.31635,0.50295,0.07231,-0.2825,0.42811,-0.08572,2.52542,2.72223,-0.59051,-0.1225,-0.77683,-0.05268,0.00323,0.66464,1.73642,-0.26703,-0.71271,0.10707,0.72031,-1.83184,-0.89184,-0.3839,0,-0.42517,0,0.41548,0,0.81652,1.05198,0.87043,-0.36288,-0.21625,0,0,-0,-0,1.69407,0.57922,-1.64331,-0,0,1.11978,-1.86592,-1.82852
0,0.03109,-0.62398,1.57947,-0.41667,-0.26384,-0,1.06286,1.81087,-0.5614,-0.3519,-1.94772,0.11074,1.10351,1.50355,1.0571,-0,-0.4568,-0.03511,-0.77899,1.58546,-0.18058,2.45115,-0.50742,1.17141,-0,1.06205,-0.31199,0.14403,-1.37212,0,-0,0.62544,-0,0.63653,0.69477,-1.61179,0,2.0848,-0.43419,0.39686,0,1.43509,0.88203,-0,-1.28123,0.75729,0.39116,-0.1878,1.77688
-1.26694,-0,-0.11923,-0.34682,0.12396,-0,3.43317,-1.568,1.55567,-1.58122,-0,1.48716,-0,0.62889,0,1.95908,-1.0605,1.42893,0.94006,0,-1.19196,-0,0.20949,-0,-0,-0.33593,0.36063,0.60386,0.10832,0.68776,0.82319,0.65876,-3.0151,0.87333,1.15239,0.32033,-2.04708,-0.46503,0,-1.12917,0.37262,2.87343,-0,1.92766,-0.67385,-1.81974,-0,-1.03684,-0.96926,1.10113
0.431,-0,-1.4289,-1.80742,-0.07217,-1.71248,0,-0.00481,0.41381,-0.9615,-0,-0,1.93515,-0.06082,1.55988,1.64911,1.85571,0.25626,1.11413,0.3427,0.10376,-0.1178,1.03733,-0.07402,-0.54536,-0.66528,-1.4426,-0.10934,-0,-0.6725,0.28428,-0,-0.329,-1.02739,-0,-0.25484,0.85357,0.78608,0.6186,-1.3359,0.27343,-0.92231,1.13143,-0.89859,0.06447,0,0,-0,-0.40813,-0.72363
0.20551,0.17448,-1.10153,0.89736,0,0.13155,0.21202,0.99883,-2.96456,0,0.95026,0.32806,1.05432,-0,-0.24747,0.41358,-0,-0.30288,0.34929,0.71714,-0.03702,1.20668,1.82235,-0.20993,0,0,0.1733,-0,-0.47418,0,0.70846,0,-0,0,-0.03618,0.80138,0.61351,-0.64415,-0.75299,-0.53378,0,-2.03363,-0.33524,-0,0.43324,0,-2.11927,0.17483,0.20414,-0.34959
-0,-1.83994,-0,0.06627,0.81128,1.63938,0.26914,1.18021,-1.16801,0.15306,-0,0.77154,-0.62202,0.4025,1.03863,-0,-0.82832,-0.60824,-0.37853,0,0.40297,0.70464,-0.56396,0.89969,0.61868,-1.33542,0.57297,-1.02588,0.69704,0.92221,0.54566,0.06606,0.74595,0.02367,-1.09243,1.88136,0.32749,-0.36064,-2.34122,0.8791,-0,0.04115,0.71491,0.66999,-0.40317,-1.21048,0.9215,-0.64762,0,0
-1.03757,0,-0.39098,0.92125,0,0.8321,0.798,0,0,1.75563,0.14275,-0,0,-0.39041,-0.49746,-0.52527,0.23781,-0.75509,-0.27135,0,-0.41174,-1.0739,0.2356,-0,-0.06987,-0.24981,1.55273,2.14961,-0.64442,0.0808,-0.41931,0.41826,2.01845,0.57579,-1.02351,0.25226,0.42419,0.48118,-0,0.91435,1.65822,-0,-0,0.04402,-0.50522,-0.07128,-1.55672,-0,-1.21215,-0.83169
0.33198,-1.08603,-0.5762,0.61738,0.01438,2.70723,1.38903,0.98383,-0,-0,0,-0.38526,-1.87288,-0.10572,0.52796,0.32914,-0.77159,-0,0.80676,0,1.20595,0.33111,0.55649,-0,0.64567,-0.76387,-0,-0.33971,-0.96214,0.38172,0.08418,-0.65711,0,0,0.259,0,-1.34621,-0,0.82835,0,0.65085,-0.87113,-0.6534,0.76498,1.51745,-1.16823,0.13829,-0.5064,1.7036,0
-0.06909,0,-0.00257,-0,1.46265,1.51123,0.32425,-0,-0,-0.72035,0,-2.13492,0.64096,-1.08663,-0.84894,0,0,0.22909,2.11854,2.40661,-0,-0.96189,-0.53727,-0.23264,0.29205,1.07645,-0,-0.54737,0.03619,0,-0,0,0.2837,-0.85791,0.01516,-1.59708,-0,-1.5699,-0.8002,0,-1.31461,-0.57235,1.1494,0.10789,-0.85915,0,0.14952,1.05128,0.58192,0.35614
0.8242,-0.84778,-0.8524,0.51841,-0.89206,-0.0781,2.31283,0.50055,1.11274,0,-1.41908,0,0,1.0085,0,0,0,0.10512,-0,-0.9163,0.02297,0.02068,2.10062,-0,-1.5191,0.90856,0.10302,0.18841,-0.67269,1.48575,-0.50608,1.06163,-0,-1.20552,-0,0,0.14411,0.06991,0.37009,-0.07123,-0.90077,-1.27846,0.20814,-0.39136,-0.16101,-0,-0.91606,-2.77054,0.3297,-0.46029
1.34394,0.27725,2.46476,1.73594,0.32935,-1.33022,-0.53917,0.8647,1.58829,-0.32503,0,-1.29573,0,-1.44868,-0.43254,0.68348,-0.60887,-0,-0.83151,0.69535,-0,-0.81735,0.27063,-0.58282,-1.08554,0.70513,-0.20416,-0,-0.06411,0.4769,-1.26406,-0.44199,1.02931,0.52335,0.54662,-0.08739,-1.41901,-0.47316,-0.07356,0,-0,0,1.80393,-0.91556,-0,0.24046,0.96175,0.79025,-1.31634,0.44257
0.14012,-0.63677,0,-0.95698,0,0.40966,-0,1.24475,-0.52159,0.05651,-1.39224,0,-0.61146,-0.8991,0,-2.11024,0.50941,-0.59323,-0.11402,0,1.12297,-0,-1.07378,0.43251,0.96498,-0.53066,-1.33819,-0,-2.16146,0.7134,0,-0.23889,0.30582,-0,1.15266,-0,0.48553,-1.30188,-1.31418,0.93339,0,-0,-0.51766,-0.05204,-0.58445,0.71522,-1.25565,-0.84117,0.39802,-2.06637
0.51758,-1.01523,0.12286,-0.53076,-1.38947,-0.30924,-0.2874,-0,-0.79171,-0.20084,-1.3,0,0.51487,0.87677,0.89876,0.08347,1.12634,-0.04662,-0.54423,-0,0,-1.29484,-0,0.13385,-0,-0.19167,0,-0,0.54014,0,2.41306,0.94659,-0,0.85331,-1.3677,-0,-0.11624,-1.247,-0.42344,0.09739,0.75373,-2.38113,-0.24438,-1.07498,0.65842,0.01455,-0.49707,0,0.48824,1.95594
0.57118,-0,2.5787,0.7593,-0.10842,1.0897,0.67526,-0.245,0.78739,0.74706,0,-0.04641,0.2778,0.81638,1.72439,-0.88755,-0.90152,0,-0.65239,1.08123,-0,-0.74527,-1.24765,0,1.19662,-0,0.23353,-0.44378,-1.90123,-0,1.19329,-0.33341,-0,0,0,0,-1.12498,0,1.37632,0.48127,1.04467,0.27266,-0.82122,-0.50374,-0.41839,-0.59524,-0,1.06046,-1.00851,1.34243
-0,0.42792,-1.02963,0.10651,0.4125,0.78568,0.53818,0.311,-0.51579,0.41409,0,1.05851,-0,-0,-0.0519,-0.23789,0.83247,-2.21958,-0,-0.05764,-0,0.80718,-0.18831,0.20047,-0.19671,-0.81576,0.61568,0.06857,-1.88893,-0,-0,-0,-0,-0.5392,1.14051,0.23541,0.04465,0,-0,0.07881,1.5562,-0.29587,-0.7473,-0,-0,1.89862,-0.92105,0,-0,1.63391
-0.94694,0.12824,0.7029,-0.05317,-0.54805,0.63896,0,0,1.74387,-0.43032,0.62559,-0,-0,2.1559,-1.1064,0.22296,0.18254,-0.08302,-0.02619,-1.4769,-2.11109,0.19471,0,0.82407,-1.32881,0.16571,-1.1799,-2.33749,0,-1.29727,0.48634,-0,0.46088,0.44752,0.5494,0.23148,-0.4055,0,-1.00434,0.31033,0,-0.23921,1.40106,-1.47437,-0.69055,0,1.02123,-1.33593,-0.87977,0.12395
1.06287,0.8324,0,0,2.20617,0.67657,0,0,2.38866,-0.17969,-0.79049,-1.10108,-0.20897,-1.2804,0,-0.82173,0.54816,0.53287,-0,0.38376,-0.58857,-0.4014,0.34025,-1.46494,-0.12087,0.50886,-0,-1.80214,-0,-0.27834,-0.74501,-0.05582,-0.32542,1.05,0.80211,-0.83916,-0,0.7748,0.84623,-0.66535,-0.85181,-1.75829,-1.13682,-0.22391,0.41518,1.43093,1.52637,-1.1035,-1.25586,-0.70026
0.92186,0,-1.59281,1.133,-0,1.86112,-0,0.88036,1.03782,-0.07139,0.05921,0.14684,0.09257,0.37863,0.10479,1.03872,-1.59715,2.1167,-1.5173,0.55667,-0.92524,-0,-0,-0,1.33142,2.1824,-1.10084,-3.57288,-0.78223,1.44603,1.32805,-0.55314,-0.26382,-0.07896,0.83273,-0.05752,-1.13095,0,-0.99257,-0,0,-0.64492,-0,0,2.04115,0.53591,0,-0.94824,-0,-0.53677
-0,-0.25697,1.27975,0.69638,-0.35344,0,1.45599,-0.18769,0,-0.54146,0.33655,-0,0.85261,0.51264,0,-1.07966,-0,-0,-0.23972,-0,-1.07489,0,1.23647,1.4538,0.17745,1.47579,-0,0.99537,-0,2.53269,-0.12714,-0.6544,0.66868,0,-0.30438,-0.02648,0.12691,0.47485,-0,-0,0.68755,-0,-0,1.51153,1.41726,0,-0,1.18966,-0.56108,0
0.04097,-0,2.20149,-0,0.30509,-0.87997,-0,2.30918,-0.98126,-0,0.81885,-1.36414,-0.38668,-1.37512,1.67076,1.61249,-0.44957,-0.09794,-0.25071,-0.18423,0,1.87773,-2.7817,-1.09008,-0.01405,0.14148,0.67612,0.63398,0.61379,0.6015,0.00636,1.28596,0,-0,-2.13018,0.8473,0.94751,-0.85403,0.38613,0.57952,-0,0.82392,-0,1.3677,0.20491,-0.32121,-0.26454,0.29569,0.49252,-1.47289
0.52201,2.47002,-1.61679,-0.90325,-0,-0.77069,-1.38382,-0.29232,-0.10694,-0.28161,-1.5271,-1.04846,0.64619,-0.65711,2.7519,-0,0.36933,-0.19535,0,1.08602,-0,-1.22097,-0.00246,-1.99072,-0.37471,-1.20945,0,-0.09432,0,1.17385,1.79749,-0.24244,1.74501,1.03606,-0,0.19238,0,-1.23513,0.23349,-0.21392,-0,0.76283,-0.31912,-0.7647,1.03008,-0,0.98445,0,0,0.32627
-0.17807,0.61361,-2.28335,2.05083,0.47589,0.69666,1.57868,-1.80757,-1.25387,-1.63357,-0.54746,-0.57671,-1.33565,-0.25104,-1.44884,0.56798,0.27151,-0,-0.28966,-0,-0.64341,-0,0.79748,-0.84832,0,-1.5503,-0,-0.83343,-0.76951,0,-1.08759,0.04465,-0.46646,-1.20742,-0,0.27783,0,-0,-0,-0,-0,0.39716,-0,0.0964,0.02967,0,0.57827,-0,0.31199,-2.26538
0,0.79112,-0.72002,-0.32942,0.1826,0.4038,-1.24001,-0.18843,-0.0585,-0.7821,1.46945,-0.3931,1.45276,-0.66147,-0.79755,-0,-0.79725,-0.67229,-0.18324,2.53414,-0.11168,-0,-1.2323,-0,0.16251,-0.30499,1.81642,-0.72901,0,0.10949,-0.57484,0.11908,-2.01231,0,-0,0,0.79144,1.30817,0.70131,0.01966,0,-0.08359,-0.04172,-0.48531,-0.17582,-0,-0.8216,-1.17652,-2.41459,-0.71293
0.15069,0,0,-0,0.63454,0,-0.78289,0,-1.28728,-1.18091,0.70149,-1.12945,-0.66048,0,-1.10362,0.15279,1.04391,0.23836,0.02983,-0,-0.00421,0.6707,2.08987,0.43717,0.59335,0.37946,0.29027,2.39896,-0.4566,-1.0269,-0,-0,-0.89633,0.19329,-1.14961,-0,0.1382,0.83481,-0,-0,0.60947,-0,0.31754,0,-0.74355,0.4944,1.58621,0.34019,-0.36693,-0.47872
2.12163,0,0,0,-0.18529,-0.72751,-0.8866,0.02672,-0.85856,1.03023,0,1.60205,1.13071,0,-0.09412,-0.77676,-0.64743,0.44574,-0,0.74929,-0.99287,1.21462,-0.77697,-0,-0,-0.71609,-2.35978,-0.09559,0.63652,-1.80077,1.47996,-0.71861,0.12423,0.74899,0.99749,0.63196,0,-0.03282,0.82809,0,0.13248,2.48771,0.43078,1.19218,-1.37607,-0,-0,0,-1.63989,-0.99678
-0.28435,-0.51346,0.57168,0.07185,0.50556,-0.03824,-1.1696,-0,-0,1.29865,-0.5756,1.32539,-0.19561,-0.15344,0.0464,-0.85581,-0.33611,-0.70684,0.46536,0,0.23057,-0.16591,-0,-1.16082,0.82962,-0,-0.42181,0,-0.47606,1.46914,0.30725,-0.10468,0,-0,-0.02045,0.24431,0.115,0,0.61011,0.86466,-0.14858,-0.74417,-0.09789,-1.65962,-0,-0.16996,-1.60586,0.28375,-1.46137,-0.39271
0.45539,0,0,0.11245,0,-0,-1.25721,-1.33506,1.25247,1.05684,-0.68628,-0,1.13547,-0.21289,0.56207,0.47868,-0,-0.11621,1.05959,0.33595,-0,1.72501,0,-0,0.81759,-1.5121,0.60766,-1.17033,0.26472,-0.74847,-0.29946,-1.68207,0.64901,1.17381,0.3169,0.13087,0.4292,-0.11251,0.12858,0.38189,0.39642,1.52479,-0.19261,0,-0.92985,-0,0.69846,0.93812,0.18742,-0
-0.0486,1.78774,-0.7765,-1.06031,0.44568,0.51962,1.95873,-1.34916,0.57905,-0.3356,0,-0,1.69923,-2.16072,-1.1415,-0.53577,1.15024,2.34769,0,-0.00281,0.85785,-0.86989,-0.24206,-0.07007,-0.16515,-0.81851,0,-0,0.31574,0,0.34216,-0.4471,-0.93823,0.8273,1.40843,0,0,0.3282,0.86602,-1.24143,0,1.96942,1.16007,-0,-0,2.11191,1.0171,-0.68326,0.88294,0
0.34003,-0,1.35678,1.51892,0.6584,1.51885,-0.40122,-0.15213,-0.56618,-0,0.0421,0,-1.00036,1.94899,-0.42564,1.70894,-0.13187,0.89229,1.88848,-1.55352,0.869,-0.37048,0.24375,0,0.17813,-1.29904,1.92612,0.67458,-0.55986,-1.17197,0,-0.06165,0.01305,-0,-0.98842,1.09185,1.19617,0.1667,-0.0451,-1.27079,-0.15369,-0.76173,-0.40568,0.34896,0.61602,-0.46435,-0.03619,-0,0,0
-1.89159,0,-0,-0,1.09051,-0.59214,-0.42995,-0.17639,0.76946,-0,0.33846,-0,0,0.55973,-2.0058,-1.16764,-0.20941,3.13603,-0,0.49322,-1.5035,2.4314,0.82095,0.24301,-0,1.86005,-0.44714,-0.19533,0.2633,0.23198,0,0,0.4514,0.24411,1.44218,-0.63142,-0.13504,-1.01957,0.13071,-0,-1.634,0.63197,-0.93186,1.22651,-0,0.32744,0.31512,-0.34296,1.37962,-0.10508
0.01345,-0,0.03452,0.65267,-1.33988,-1.02341,-1.36037,-0.85157,-0,1.84041,0.77818,-0,0.48277,-0,-0.76833,0.21797,-0.01026,0,-0.31385,1.24491,0.05242,-0.25088,0,-0.7933,0.53283,0.3585,0.64754,-0.93577,0.00659,-0.29576,0,-0.48982,-1.17055,-0,1.40247,-0.22523,-0,0.75854,-0.53613,0.35642,-0.27521,0,1.37864,0.51441,-0.47364,0.66015,0.55939,0.88528,-2.08658,-0.64689
0,0.39603,-1.22515,-0,-0.35949,0.4856,-0,0.3087,-0.15306,-0.98597,-0.06821,-0.68139,0,1.76894,-1.59897,0.45917,-0.06498,-0.20471,-0.99284,1.20414,1.42531,-0.34358,0,0,0.36245,-0,0.50969,0.05588,-0.41133,-0.80392,0.25404,0,0,0.59127,-0,2.4504,0.82706,0.25797,0.33842,0,-0,1.35897,-0.75768,0.09613,0.26708,1.10561,-1.06953,1.15659,-0.59541,1.21318
-0.04179,1.54078,-0.35051,1.6764,-0.79856,-0.88861,1.22975,-1.11312,0,1.85347,-0.27946,-0,-1.18396,-0.11193,-1.06376,0.50764,0.7661,1.02447,1.41724,-0,-0.75386,0.18999,0.53069,-0,0.49662,0.93204,-0,-0.69287,0,0,0.64709,0.06889,0.75124,-1.727,0.73875,-0,1.56977,0.28162,-1.32838,-2.21786,0.5041,0.22567,-0,-0.51616,1.07756,-0.14549,-0,-0.62466,1.86235,0.90831
2.32807,0.9916,-1.40667,1.09851,-0.10649,1.20552,-0.02453,0,1.1532,0,1.50305,-0.90549,-1.11191,0,0.49593,0.52082,-0.82709,-0.04875,-1.3206,-0.58048,0.37731,0,0,0.89088,0,0,0.62999,1.76532,0.15932,-0.25855,0,-0,0.28178,0,0.17819,1.52394,-1.57789,1.91293,-0,0.62711,0.76992,-0,1.45141,-0.11745,0.57253,-0.86739,-0.68692,-1.23381,-0.4179,1.59522
-1.39389,0.50799,1.08591,-0,0.90205,0.20137,-0.43127,-0.64622,-0.44887,1.09604,0,-0.39993,0,-0.62445,-0.64682,-2.4995,-0.04821,-0.73303,1.19563,-0.34328,-0.68787,-0.9111,0.26134,-0.49113,0.49129,0.85283,-0,0,-1.44595,0,0,0.6631,-0,-1.07145,0.10479,0,0.24194,-0.61342,-1.13591,-0.55305,-0.52096,-0.57986,-0.85145,-1.3473,-0,1.46094,1.28495,0,0,-1.25093
0.08084,-0.16196,-0.49814,1.01497,0.0915,-1.27366,-0.30766,0.23918,0,-1.71607,-1.14557,0.20251,0.0796,-0.99257,0.55113,-0.87153,0,-0.54608,-0,-0.34105,1.40896,-1.1722,0.61638,0.53769,0,0.55488,-1.32875,-1.66941,0.22763,0.13724,-0,-0.81863,-0,-0,0,-0.65917,-0.14095,0.49164,-0.32505,0.78877,0.20356,0,-0.03565,-1.53843,-0.37323,0.47528,-2.93513,-0.45459,0.11234,-0.149
-0.40002,0.00112,-0.80573,-0.49342,0.63438,-0.83753,-0.32537,-0.41138,0.39265,1.58885,0.04219,1.96641,-1.49401,1.10598,-0.10137,-0.42972,-0.76248,0.27348,1.48383,-0.48994,0.11259,-0.89033,1.35953,-1.62085,-0.35084,0.34108,-0,-1.49141,0.46999,0,1.39264,1.36406,0.21758,-0.24218,0.27187,-0,-0.28263,1.67221,1.94564,0.65134,0.80313,-0,-1.14653,-0,0.07478,0,0,-0.4121,-0.49567,0.6706
-0.16621,-1.13728,-1.91194,0,-0,1.02126,-0,-0.79992,-0,0.16342,1.4354,-1.82563,-0,0.34623,1.70763,-0.48885,0.05814,-0.23084,0.90859,0.26065,1.61012,-0.04787,0.60643,0,-0.36221,-0,1.43348,1.19403,-1.38892,0.33433,0,-0.63622,-0,-2.21035,0,0.15826,1.56119,0,-2.26079,-2.81858,-1.70641,-1.05246,0,0,-1.74612,0,-0.81491,0.5522,0.72054,0.94006
-0.02659,-1.65487,0.25567,-2.0153,0.7782,1.57062,0.2337,0.61217,1.85529,-1.27322,1.13363,-1.76455,0.94169,-1.4289,-1.06993,-0,0,-0.94373,1.419,-1.31053,-0.7332,0.38477,1.22867,-0.24664,0,0,0,0,0,0.87989,0,-1.15973,-1.65199,-0.36212,0.32986,1.02608,-0,0,1.91129,0.34967,-0.4443,-1.2413,-1.08592,-0.00876,1.6157,-0.21886,-1.1438,0,0.46628,0.48664
1.07533,-0.08613,2.2158,-0.78837,-0.30764,-0.15085,-0.56592,-1.47005,0.19117,-0.17234,-1.48446,0,0.94306,0.56374,0,-0.33339,0.04831,-0.46131,-1.00966,0.8842,0.95151,-1.70354,0.208,-0.64052,-0.71773,-0,0.52987,0.88336,1.10136,-1.01375,-0,-0,1.38131,0.36766,-0.54912,-0,-0.85386,1.08568,0,0,-0.46158,0.07822,4.44388,-0.01158,-0.48228,-0.48999,-0.66815,-0.18621,1.13817,1.50961
0,-0,0,-1.97226,0,0.41043,-0,-0.66623,0.56609,-0.76819,0,0.18971,-0,-0.80459,-0,-0.98917,-1.84211,-1.51671,1.00119,-0.79824,0.73539,-0.8799,0,1.0158,-0.49111,0.69122,-0,0.25785,0,-0.01448,-1.04016,2.0203,-0,0,-0.36282,0.89178,-0.30788,-1.13885,-1.53732,-1.7837,0.38239,0,0,-0,0.5398,0.78105,0,-1.23554,2.84308,0.38687
0.79408,-0,0,1.00528,-1.0195,1.2069,-0,0.83425,0.94796,-0.60091,0,1.23003,-1.47134,-1.03992,1.69087,0,-0,-1.32107,-0,2.00715,-0.1481,-0.37741,-0.89928,0.53269,-1.45299,0.99913,-1.01584,0.00941,-0,-0.39504,1.40302,0.41936,1.47959,0.94902,0.11412,-0.79627,0,0.61653,-1.31535,-0.4807,0.7092,-0.05888,-0.09262,0.56988,-0.26331,-0.14222,-0,0.4975,-0.30076,0
-0,1.61502,-0,1.03731,-0.09261,1.2408,0,-0.86226,0.29515,0,0,-0,0.16354,-0.02423,-0.24084,0.96554,0.15768,-1.0998,-0.47341,-0,0.24154,0.11676,-0.70945,-0.0576,1.79163,1.70848,0.65365,-0,0,1.62613,0,0,0.53309,-0.37389,0.1857,-0,0.21015,-0,-1.84784,-0,-0.23587,0,-0.95057,0.12277,1.50111,1.04614,-0,-0,-0.02131,0.05597
1.14227,0,0,0.26107,-0,2.39894,-1.09698,-0,0.1794,-1.90505,-0.4665,0.91019,-0.23434,0.5703,0.02444,0.50442,0.22867,0.78346,0.59734,0,1.07752,-0.3519,-1.78801,-0,0,-0.2941,0.31909,0,0.62817,0.59783,0,-0.77722,-1.88839,0,1.5752,2.24709,-0.3033,0.7927,1.83864,1.20738,-1.76192,1.35921,-0.56777,0,-0.83188,-0.5508,0.3468,0.52901,0,-0.39714
0.46338,-0,0.84205,0.4847,0,0.13735,0.3977,-0.08098,-1.63014,-0.41028,0.10362,2.97161,0.56685,1.07204,-0,1.15892,1.28376,-1.27799,-0.81053,-0.52237,-0.50587,0.01479,-0,-0.87067,0.268,0,0.61019,-0.59839,-0.33536,-0.89836,-0.69383,0,0.38195,-0.13096,0,-1.57986,0.50014,-0.27687,-1.60454,-1.82462,0.71313,0.03465,0.64887,0,-0,-1.68961,-0.26215,-0,-1.62186,-1.18754
-0.04481,1.19119,-0.79919,2.4216,-0.8637,-0.26659,-0.5589,-0,0.0493,0.23801,-1.52333,0.61221,0,-1.63744,1.10265,1.37792,0.27816,-0.02652,1.14751,-2.47596,-2.05421,-0.26137,0,0,1.42283,-1.25521,0.9987,-0.58337,-0.80545,0.7676,1.8142,-0.77145,-0,1.48383,0.4399,0.44752,0.10651,-0.52207,-1.10605,0.54146,-0.9904,-0.15836,-2.19427,0.36068,-0,0,1.2345,-0.13211,0.44409,-0
2.35479,0,-1.06407,0,0.39049,0,-0,0.18708,0.09466,0,0.76567,0.20016,0.22905,0,0.53024,0.45559,0,0.48032,0,0.72849,0,0.69726,-0.17916,0,0.89907,-0.57737,0.84098,-0.59864,-0,0.17838,0.01751,-0.91191,0,0.98507,0.88119,-2.24313,1.23512,-0.22237,-0.33103,0,-1.21155,1.30223,-2.59159,0,-1.69605,0.9557,-0,0.48776,0.18562,-0.01284
-0,0.79013,-0.63957,0.36365,-0.82421,-3.68361,-2.19071,1.36148,-0.78595,0.72505,-1.00568,-1.15723,-0.27995,-0.70383,1.33855,0.0011,-1.15874,-1.08232,1.1457,-1.34739,-0,0.47361,-0.60735,-0,0,-0.06376,1.19123,-0.55848,-1.76365,-0,0.22529,-0.97626,-1.2642,0.42777,-0.77376,0.19373,0.99124,-0,-0,0.46189,0.5823,1.44366,0,-0,-0.0259,-0,1.13966,0.23249,-1.86303,2.23784
-0.02545,-0,0,0.77259,0.8423,0.88616,-0.96932,0.89842,0,0,-0.60485,1.6844,0,-0,-2.29093,-1.67616,0,-1.75546,0,-0.70563,-0.80787,0,-1.59425,-0,0.88619,0.12176,-0.01604,0.30034,0.29438,-1.53036,-1.95447,0.63871,0.37299,1.02808,-0.7385,-0.25493,0.49387,-0.22488,-0.61997,0.71726,0.03954,0.07275,-0.90555,-0.78095,-0.25069,2.13044,-0,-0.45715,-0,-0.80536
-0.05431,-0.32506,1.06945,0,-0.13025,0.8193,1.74684,-0,-1.25816,-0.72719,0.56657,-0.20156,-0.46792,-0.9506,0.1747,0,0.26875,-0.49457,-0.30632,-1.45209,-0.4738,-0,0,0,-0.53664,-0.13353,-0,0.26074,-0,-0,0.86728,-0,0,-0.31003,-0,1.97085,0.29302,-0.76528,0.31635,0.35637,0,1.53357,-1.4706,0,-0.53463,0.53355,0.0757,-1.80175,-0.17853,0.12409
-0.56879,-0.5996,-0.62167,-0.85066,0,-0.70485,-0.91524,-0.92271,1.73223,-0,-0.40927,-1.24519,0,-0.54515,-0.65128,1.16195,-0,-1.44441,-0,-1.06274,0.01645,0.77023,0.50485,0.10366,-0.69402,0.14988,0,-0.07832,-2.28743,-0,0.90772,1.43211,-0,1.0363,-0.93049,-0,1.21823,-0.32483,0,0.94237,-0.43309,-0,-0.71146,-2.5046,-1.12764,1.98288,0.75999,0,0.48664,0.97577
0.39016,0.46603,-2.04529,0.53221,-0,0.12464,-0.53369,-0.25659,-0.66197,0,-0.33485,0.17651,-1.59464,-1.06911,1.67255,-2.54286,-0.81773,1.94369,0,1.8337,-0.57347,0,1.89344,-0.7696,-1.72293,0.91043,-0.74169,1.25029,1.0224,-1.97109,-0.42115,0.68418,0.00453,0,0.14715,0,2.20357,-0.22433,-0.6349,-0,-2.86541,-0.0298,-0.61275,0.58978,0.03452,-0,0,0,0.67665,0.68839
-0.658,0.20582,-1.3683,-0,-0,0,-0,-0.49313,-0.48805,0.02523,-0,-0,0.96122,0.95463,-0.83822,0.87278,1.22984,0.31105,0.21148,0.73317,0,0,-0.77165,-0.42921,-0.47778,-0.79722,-0.37933,0.28104,1.74913,-0.06047,0.64904,-0.78982,-0,0,-0.70383,-0.80749,-0.0972,-0.59107,-0,-0,0.3276,0,-0,0,-0.178,-0.46497,-0.75609,-0.05668,-0,0.23763
0.63,-0.38972,-0.95456,-0,0,0.03233,0,-1.19242,0.1315,0.13193,0,-0.36383,-0.67624,0.13855,-0.55914,0.40776,0.3467,0.09673,-0.38779,1.79061,-0.01031,0.12309,-0.03935,-1.318,-0.98569,0,-0.91246,-0.32023,0.68348,-0.5933,-1.49437,0.62934,1.00662,0.04625,1.19641,-0.13602,0.48282,0,0,1.38995,-0.61423,0.01264,1.0651,-1.55927,1.50038,2.40768,1.07516,0.1194,-0.01843,0.69369
0,-0.46034,-0.36831,0.44651,0,0.06492,0.31707,-0.21334,0,1.4573,-0.07776,0.45548,0,0.6325,0.51946,-0.15339,0.72449,1.19298,-2.20542,-2.34764,-0.5982,-1.15133,0.05236,-0,0.38468,0,-2.08701,1.20189,-0.16904,-1.26081,1.91856,-0.40523,0,-0.7506,1.23821,0.07612,0,0.68984,-0.70751,-1.04365,0.1348,-0.25746,-0,-1.86063,1.85631,-2.05905,0,0.42663,-0.42136,-0.28625
-0.10015,-0.54073,0.64245,1.63456,0.56889,1.09074,-0,-0.22467,1.79624,-0,-0,-0.0968,0.20486,-1.96563,0,-0.17216,0,-1.00882,0.57751,-2.97236,-0.76409,0.31769,-0,-1.80908,1.2636,-1.58468,-0.47078,0.74923,-1.05204,-0.41512,-0.51809,0.79816,0.6698,-0.35037,-0,1.31309,-1.32262,1.1226,1.66336,-1.51449,0,-1.89314,-0,0.54626,1.0777,0,0,0,-0.71814,-0
-0.12278,0.33797,1.06302,0,2.24212,0.52471,-1.92232,0.27073,1.58171,0,0.96515,-0.02396,0.51612,-1.88501,1.0634,0.09941,-0.82607,-0.48807,2.10146,-0.23965,-0,1.01978,-0.07543,0,0.76678,1.61298,0.10883,-1.03416,1.27725,2.23168,-0.75502,-0.7043,0.2506,-0.98495,-0,-0.57811,0.32955,-0.43641,-0.61796,-0,1.86402,0.19868,-0.03677,1.58749,-0.01696,0,0.10363,-1.16086,-0.53658,-1.31488
1.85163,0,1.02866,0.43428,-0,-0,0,-0.05225,0.81365,-0.81921,0.13226,-1.91556,-1.46719,0,-0,0,0.08011,0,-1.01187,-0.87423,0.18202,-0,-0.03976,-0.74614,-0.24928,0,0.24031,0.44338,-0,1.40673,0,0,0.55194,0,-0,0.31189,0.38845,-0.38439,-0.71821,-1.03326,0.57509,0,-0.9305,0.44296,-0,0.88524,0,-0.65047,-0,-0
0.16195,0,1.20388,0.66525,0,-0.63264,0,0.08733,-0.80676,1.26674,-0.23518,0.3978,-1.22154,-1.09856,0.42883,-0.07989,0,-0.13152,0.87931,-1.20165,-0.509,-0,-0.42017,1.4725,1.1546,0.26693,0.50473,1.52449,1.57762,-0.03912,-0,-0,0.26156,-1.60377,1.38175,-1.91872,-0.77046,-0,0,1.08659,-0.42762,-0,-0.41235,0,-0.2973,-0.96139,0,0,-0.55077,-0.86488
-0,-0.77728,0.96675,-0,-1.09959,-1.31369,0,-0.80147,-0,0.71645,1.27036,-0.98506,0.02298,-0.52901,0.56759,0,-0.37575,0.52745,-0,0.62357,-1.1987,-1.29387,-1.29684,-0.88606,0,-0.61565,-1.16099,-0.61447,-0.33429,0,0.70105,1.08362,1.10728,-0,-0.38191,0,0,1.37429,-0,-0.4165,0.28493,-0.46149,-0.87774,-0.11996,-1.24622,-1.62362,-0.27396,0.76621,1.42548,-1.11491
-0.4232,0.25045,1.65892,0.49741,0.82654,0.27108,0,0.42516,-0.775,0,-0.54119,-0,1.09968,-0.87236,-0.14881,0,0.56237,-0.60551,0.81921,-0.59105,-0.17092,0.89435,-1.29389,0.8202,-0.19468,0,-0,-1.23216,-1.23032,0.21041,-0.35369,0.94825,0.58109,-1.42503,-1.40143,0.15965,-0.07931,-0.43858,0.64566,-0.07939,-0,0,-0,-0,-0,-0.27582,0.56344,0.89086,-0.17457,-0.52472
0.23805,0,0.65767,0.25402,0,0.27149,-0.78957,0,-1.24483,0.76471,-0,0.13393,-0.0891,-0,0,0.36596,-1.32851,-0.97856,2.00358,-0.72984,-0.68248,-1.14359,-0.72557,0.10819,-0.04594,-1.03645,-0.57157,-0.30629,0,-0.25017,-0.78694,0,-0.3404,0.46725,0.58484,0.3027,-1.01536,0.59343,-1.34647,1.05838,0,0.45883,1.36196,1.68429,-0.68528,-1.21764,2.39291,-0.50288,1.88105,-0
0,-1.16983,0.63959,-0.33178,2.11812,1.77665,-0,-0.31945,-0,-0.81881,-1.14836,0.24543,0.48369,-1.95707,-1.01953,0,-0.77009,-0.49382,0.52259,-0,-0.5438,1.20479,-1.9486,-0,0.31907,0.66374,-0.62195,-0.6596,0.79008,0.47164,0,-0.1235,0.11667,-0.50827,0.09979,-0,-0,-0.63913,-0,1.33578,-0.64348,-0.3477,-0,-0,-0.05186,0.14612,-0,-0.09113,0,0
-0.843,0,-1.71329,-1.11161,-0.66183,-0,-1.65985,-2.08404,-0.01089,-0.6085,1.24194,-1.83542,0,-1.01892,-0.79508,-1.38308,-0,-0.40115,-0.12187,-0,-0.82955,-0.07364,-0.6536,0.09887,-0.4294,-0,-0,-0,-2.38811,-0,0.95446,0,-0,0,-0,0.85962,-1.49639,0.41364,3.15763,-0,-1.39763,1.01414,-0.95435,-0.28549,0.19362,-1.92789,0.74693,2.10738,0,-0
0.05994,-0.0435,-0.53416,0.74607,-0.72218,0.671,1.6547,0.41318,-0,0,2.24422,-0.72155,0.75124,0.128,-0.76552,0.66197,-0.59932,0.53651,-0.04448,-0.78416,-0.00445,0.69299,0.5147,-0.7583,0.42257,0.90292,-0.39007,-1.23123,1.04825,-0,0.05196,0,0.46542,1.32666,-0,1.67335,1.18888,0.1808,-0.30904,0.48089,0,-0,-0.4644,0,-1.25961,0.71679,1.16507,0.99581,-2.29516,-2.01427
-0.16805,0.2219,0,-0.56149,0.29115,-0,0,-0.06823,0.59565,0.57395,0,0,-0.09957,0.61231,0.80141,-0,1.26835,0,0,0.45553,-0.0268,0.00943,1.3747,0,0,0.90385,-0,1.24514,0.38554,0.86246,0.4507,0.96008,-0,0.18787,-1.41358,-0,-0.90062,0.46603,-0,0,-0.7594,0,0.55275,0.56945,-0.32437,1.57381,0,-1.6042,-0,-0
-0,-0.86263,-1.07007,0.26588,0.24169,-0,0.67914,1.6059,-0,-0.77708,-0.50363,0.26484,-0.37588,0.78908,-0.2332,-0.73733,0.80441,-0,0,-0.78678,-0,-0,1.06548,-0.48367,0.1347,2.79082,0,-0.28884,-1.09569,-1.19874,-0.03568,-0.047,0.75733,0.221,1.09267,0.1963,-0.72686,-0,-1.18497,-0,2.20892,2.03616,1.14761,0.2081,-0,0.85757,0,0.31866,0,1.07432
0,0,0.542,1.2371,-1.08663,-1.73318,0.18376,0.4245,0,0,0.9521,-0,-1.26898,-0.25929,-0,0.10001,-0,-1.10175,0.94133,-1.3279,0.88595,-2.6683,-0.53786,0.94326,-0.84548,-0.22145,0,-0,0.21788,-0,-0.14821,-1.60269,0.73155,0.30687,-1.92591,-0.89687,0,-0.36399,0.76391,1.79035,-0.62727,-0.24841,0,-0,-0,1.15416,-0.12814,-0,-1.14932,0.80936
-0.27186,-1.12963,-1.58849,-0.28616,0.49567,0.7922,1.21032,-0.68605,-0,0.7953,-0.32114,-0.23014,-1.75203,-1.65651,0.14666,0,0.45534,-0.26369,1.13994,0.54156,-2.43627,-1.66167,-1.11478,-1.53193,0.39867,-0.91,-0.59857,0,-0.2628,-1.64583,-0.47787,-0.45105,0.99229,0.75251,-0,-0.15716,-0,0.02015,1.6862,0.10528,0.42703,0.33308,0.07425,-0.56877,-1.39437,-0.32543,-1.09655,0.95913,-0.56527,1.22599
0.98809,0,0.71425,-1.4144,-0.12149,1.36886,-0.58154,0.07755,-0.0643,0.27435,-0.74397,0,0,-1.31643,-1.26393,0.54435,-1.57193,0.83755,-0,-0,-0,0,0,3.00625,0,-0.98716,-1.63817,-1.21103,-0.59025,-0.37908,2.16886,1.35221,1.7178,1.40099,0,0.14878,1.5833,0.41282,-0,1.72635,0.4731,-1.35828,-0,0.33238,0.54525,-1.50465,-0.25663,0.30928,0.33236,-0.04104
0.57797,1.61237,-0,0.82638,-0.6802,0,-1.26476,0.91477,0.64092,-0,-1.14138,-0.27355,-0,0.08954,-0.49834,1.22096,-0,0.37274,0.28247,0,-0.44548,-0.43827,-0,1.68961,0.91213,0,-0.4852,0.17498,0,1.45417,-0.32542,-0,0.81193,0.01178,-1.08674,-0.62516,1.46077,-0,0.77201,0.64928,0,0,0,0.17694,1.04394,0,0.84177,-0,-0.16319,0
-0,-0,-0,-0.44543,-0.1685,-0,0.68184,0.07434,-0.84857,0,-0,-0.64918,1.43236,0,-0.59431,-0,-1.27817,0.43317,0,-1.06663,0.28864,-0.37044,-1.78864,-0.28158,0.81581,0.55051,-0.95,1.15261,1.23253,-0,-0.20364,-0,-0.1844,0.81271,1.00513,-2.42782,0.52007,-0.19735,0,1.0819,-0.40031,0.1477,-0.71255,-0.78184,-0.11561,-0.31914,-1.7639,0.7507,-1.15424,-1.20771
0.52509,-0.78762,0.9567,-0.55833,-0,-0,0,-0.41436,1.03003,0.92597,0.1083,0.93113,-0.47414,-1.44968,1.14977,0,-0.41647,-0.97879,-2.01995,-1.73537,0.8383,0,-0,0.33931,-0.57708,-0,0.34274,1.10277,-0.5954,-0.22483,-0.64326,-0,-0.32366,1.99971,-1.39119,-1.30008,0,-0,-0,0.95045,-0.3466,0.392,-0.81031,0.17573,0.28438,-0.79448,-0.66217,-0,0.36553,-0.0706
0.41358,0,0.24193,-1.23079,0.64408,-0.03959,-0.76991,-0,-0,-1.26423,-0.14978,0.68505,-0,0.56083,-0.46514,0,1.64945,-0,-0,0.56273,-0.47894,0.48629,0.68113,1.96871,-0,0.27252,0.41777,0,-0,1.04398,-1.0054,-0,0.76488,0.32875,0,0.2895,0.38361,0.54655,0,-0,-0.03316,0.32309,0.07278,-1.02972,-1.73711,-0.63571,0.88943,-0.21494,-0.79965,0.33169
1.02022,-1.0743,0,1.31798,-3.00337,-0.1089,1.06221,-0.16289,-0.08337,0.30549,0.2531,1.01977,-0.09022,-1.36663,-0.31142,-0.76183,-0,-2.40642,-0,-0,-0,0,-0.46156,0,-1.43058,0,0.87366,-1.13397,-0.74555,0.07885,-1.22625,0.37943,-0.14556,1.45433,-0.35327,-0.47183,-1.29223,-0,-0.07238,0.00615,0,-1.39032,-0.28158,-0.39307,1.10083,0.61311,1.05857,0.83292,0,-1.05112
0.02464,-1.06587,0,0,0,-0.61344,0,0,-0.54792,-1.49485,0,0,0.19175,0.87056,1.12324,0.50459,0.04081,-0.04099,1.07208,-0.16369,-0,1.84157,0.28885,-0,-0.68706,-1.16341,-0.4344,-0,-0.26284,0.98019,-0,-0.62722,-0,-0.43516,0.34083,0.04367,-0.62284,-0.01401,-1.95655,0.70234,-0.04487,0.60613,1.87635,-0.80512,0,1.15178,0,0.69766,1.45502,0
0,0,-0.26197,-0.10064,0.55821,-0.58426,0.39685,-0.45952,0.10706,0,-0,1.1968,0.04494,1.69949,-1.57624,0.14222,-1.16484,-0,-0,0.66476,-0.11076,-0.48643,-0.65567,-1.72436,-0.4759,0.97411,0,0.93236,-0,-0.45897,0.1278,0.50144,1.48053,0.83174,-0,-0.31223,1.70016,0,-1.11322,0,0.62653,-0,-0.72004,-1.0288,-0.03833,-0.93698,-0,0,0.28174,0.87214
1.09877,1.1931,0,1.37996,-0.40309,1.21765,0.0836,0,-0,0,0,1.20377,0.47131,-0.0426,-0.13957,-0,-0,-0,1.67958,-0.05343,0,-0.10587,0.35098,-0.9694,0.60629,0,0.54466,1.26411,1.08436,0.60418,0.1004,0.80589,-0,0,1.2575,0.43173,-0.98781,-0.90871,0.16403,-2.63228,-0,-0.76405,0,0,-0.09782,0.08117,-0,-0,-0,0.66613
-0.92624,-0.01226,0.95987,0,0,0,0.56809,0.48311,0.98276,0.27239,1.59345,0.55082,-0.94381,0.57854,0.34635,0.84045,-0,-1.18472,-0.61576,-0.47589,-0,-1.15833,-0.52893,-1.92525,0.2364,-0.24234,-0,-1.18615,-0.12119,-0.9107,-0.67506,1.33215,-0,-0.67516,-0,0.75881,-0,1.01675,0.1382,0,-0.12722,1.11015,0.18499,0.82231,0.30496,0.16669,-0,-0,1.31203,0
1.37125,0,-0,-0.66711,0,-0.51917,-1.905,1.66382,-1.7739,0.45893,-0,-0.11787,-0,0.58733,-1.3499,0.68322,0.99897,-0,0.84872,0.35816,-0.39557,-0.03432,-0,0.8746,0,-0.60001,0.7127,-1.25846,1.13711,-0,0.42957,0.68212,-0,1.29768,0.62071,0,0.38703,1.92348,-0.62704,-0,-2.46545,-0,1.00737,0,0.907,0.00732,0.52361,-0,1.5203,-0.31619
-1.92401,0,0,-0.79003,0,1.53996,-0.89538,-0,0,0,-0.52258,-1.26191,-0.32683,0.2217,-0.17928,0,-0,1.63321,0.96001,-0,-2.27293,0,-1.89709,-1.62264,0,1.46596,-1.53949,0,1.06109,2.33509,0.30018,0.762,-0,2.12242,1.22197,-0.56201,-0,0.33926,0.47618,-0.44936,-0.93838,-1.50436,0.79647,1.25727,0.36851,0.43148,-1.13433,0,0,-0.01362
-1.55191,1.20916,0.06204,-0.56256,-0.33843,-1.10246,0.10584,-1.45148,0,-0.88163,0.1007,-1.32746,0.30215,0.56211,-1.30335,-1.11983,0,1.65357,0.01468,-1.19946,0,-2.55267,-0,-0.21683,-0.22684,0.62236,-0,-0.04,-0.31328,0.03464,0.23186,0,1.46333,0.10503,0.10027,0.7064,-0.54218,-0.58004,0.35678,0.74476,0.29528,-0.32001,1.70264,0.92094,-1.00745,0,-0,-0,0,-0
0.09904,0,-2.02814,-0.52669,1.26398,-0.76682,-1.09878,-1.23948,0,-0,1.03602,-0,-0.30482,1.21842,-0.54507,-1.2336,0,0.11837,-1.5117,-0.38652,1.1178,-0,0.64888,0,1.69078,0.21198,0,0,1.25524,0.72729,0,-1.44233,-0.45671,-0.52967,0,-0.55927,1.13867,1.78622,-0.70208,-0.6134,0.94211,0,0.1765,0.25916,-0,0.48229,0.54816,0.14551,-0.4867,0.04314
0,-0.2905,-0.50636,-0,-1.2396,-0.35261,0.66237,0.82992,-1.41035,0,-0.04827,-0,0.67091,1.84365,-0.12132,-0.31616,0,0.30859,0.09142,-0.4294,-0.05355,-0.91268,0,0,0,0.09788,0,2.28919,-0.92309,0.75648,0.97982,0.11121,-0.91045,-0.69585,-0.59794,0.31218,0,-0,0,0,1.16027,-1.42558,-0,-1.7819,1.84062,0,0.64233,-1.77801,-0,-0.80196
0.32813,0,-0.51988,0.43117,-0.44788,-1.89021,1.29108,0,0,0,0.29892,-0,0.2676,0,-0.7971,-0.42838,-0.75677,-0.10516,0.84964,-1.62737,-0,1.10713,-0.48916,0.0096,-0.34198,0.43999,-0.08013,-0.86068,1.32506,-1.98065,-0,0.44077,0.49523,0.177,-0.13865,0.88903,-0,-0,0.50519,-0.08676,0.00896,1.10047,0,-0.02079,1.09305,-0.77338,0.27284,-0.50888,-0,-0
-2.00628,0.53896,0.38215,1.08604,-1.57998,-0.45037,1.30036,0,1.30547,-0.50003,0.09233,1.00201,-0.58912,-0.68816,-0,-0,1.24047,1.19459,-0.3174,-0.60913,-0.36125,-2.28152,0.46177,-0,-0.37033,0.96677,0.7879,0.32713,0,0.16222,-1.28447,-0.91512,0,-2.49731,2.12281,-1.03905,-0,0.68597,0,0.70442,1.70407,-1.41315,0.65208,0,0,-0.34794,0.7946,-0.04752,0.23486,-0.07645
0.97586,-0.01976,1.08158,0,0,0.52891,-1.06535,0.30196,0.32797,0,0.16152,0.55361,0.54777,-0.07076,0.73597,-0.65692,0.24758,-0,-2.34274,-1.18331,1.66744,1.85356,-0.09361,-0.01222,0,-0.04228,-0.32484,-1.26536,1.05245,-1.54313,-1.30513,-0,-0.79156,0.23769,-1.86537,-0.80691,-0.4586,-0.71741,-1.46875,-0.88377,1.66858,0.29458,-0,-0,-0.60596,1.08233,1.31791,-0,0,-0.36015
0.65169,-0.57657,-0.24189,1.20197,0.98121,0.81564,0.78212,-0.40041,-1.31598,-1.57017,-0.49799,-0,-1.46815,-0.46137,-1.65406,0.77011,0,-0.32535,0.1867,-2.588,1.00944,-0.87957,0.4879,0.0348,0.39479,0.48944,0,0.83464,-1.02047,-1.44256,0.52448,0.69428,0.12521,-0.47947,-0.84432,-0.12498,1.05313,0,0.18835,-1.23035,-0,0,1.95211,-2.47359,0.84949,1.43961,-0.00802,0.3816,1.01183,-0.125
1.67911,0.77803,-0,-1.0806,-0.49278,0,-0.83339,-0.88536,-0.96306,-1.45583,-0,-1.5599,0,-1.75184,0.72173,0,-0,-0.42873,-0.44311,-0.8541,0,0.58994,0,1.85774,0.46322,-0.83891,-1.57714,1.04938,0.29909,-1.12572,-0.46487,-0.24958,-0.22088,0.55434,1.31115,0.3145,1.35169,0,2.34911,-0.25147,-1.42806,-0.83081,1.51213,-1.10656,-0,0.84255,-0,-0.07449,-0.6285,0
0.64388,0.90058,1.02943,-1.03975,0,0.0796,-1.18765,1.97969,-0.41772,-0.11503,-0.12014,-0.15469,-1.01192,0.95404,0.60757,-2.70858,0.61847,0.83757,-0.19054,2.05731,0.58669,0.99877,-0.55845,0.10307,1.03197,-1.06081,1.12041,0.91961,0.54556,-0,0,-1.76358,0.48633,0.91234,1.60303,0.84951,-1.04134,-0.51264,0.43547,0,-1.19815,0.72119,-0,-0,0.48145,-0.61948,-0.38778,0.97536,2.25312,1.18415
-0.36302,-0,-0.29307,0.2397,-0.30624,0.02386,0.28778,0.51779,-0.66509,1.11737,1.31515,-0.65156,-0,-1.37966,0.77881,0,-0,-0,0.98334,-0.92727,-0,-0,0.64777,0.08906,0.17267,0,0,0.33938,-0.18793,-0.00395,0,-0,0,0.35295,-0,-0,0.15421,-0,-0.09918,0.81085,-0.37461,-0,1.38742,0.5214,1.21876,-0.93227,-0.16556,-0.81284,-0.6121,-1.54863
0.46617,0,-0.37738,-1.18802,-1.64415,0.33256,-0,-1.57602,0,0.11078,-0.15712,0,2.56601,0.16357,0.20602,-0.09887,-2.15423,-0.66698,0.32171,-0,-0.81701,1.08947,1.00378,-0,-0.98033,0,2.5181,-0.83441,-0.0312,0.94278,-0,1.39307,0.70375,0.01454,0.17456,0,1.1376,-0,-0,0,0.78604,0,1.24915,0.68583,0.62248,-0.44881,0.04734,0,0.08985,0.06982
0.74436,0.38533,-0.42,0,0,0.72325,-0.09989,-0.7624,0.08583,1.30174,0,-0.04637,-0.52882,-0.00403,-0.62942,-0.878,-2.71361,-1.25098,0,-0.10385,0.74708,1.06126,-0.98675,0.07279,1.27739,-1.72385,1.00951,-0,0.2202,0,-1.76578,-0.74671,-0,0.6367,-0.47573,0.31826,-0.05517,-1.4395,2.60894,-0.09907,-1.246,-2.58193,-1.28232,0,0.1452,-0,1.75884,-1.01769,-2.28273,1.27225
0,0,1.02536,-0.21836,1.66454,0,0.24778,-0.98798,0,1.20484,-1.15506,-0.12634,1.8921,-0.25941,0.12288,-1.64041,0.05967,-0.00576,0.16285,-0.75448,-0.62508,-0.72909,0,0,-0.1379,0.52766,0.83053,-2.41611,1.80356,-0.47722,-9e-05,0.70712,0,-0.73273,1.77717,-1.08913,1.57486,-0.66982,-0,-1.26012,0.28991,-0.51904,-0,1.19309,1.52023,0,-0.09853,-1.30315,-0.33982,1.61076
0,-0.70232,1.6023,-0.75078,1.79891,0,0.75117,-1.05126,-0,0,0.37569,-0.46692,-2.01383,-0,0,-1.12809,1.05392,0.8918,1.27907,0.45918,1.16407,-0.76639,-0.58326,-2.06152,-0,-0.85514,-0,0.98239,-0.8087,0.28212,0.80358,0,-0.48646,-1.10248,0.77562,1.29146,1.76985,0.63151,-0.02904,-1.26868,-0,0,-0.17467,0,0,0.29443,0.09978,-1.0627,-1.66737,0.24703
1.61985,1.05237,-2.05848,-0,-1.20704,0.09419,0,-0.92819,-1.04904,0.69444,0.05848,0.46536,-0.97359,-0.16723,1.07392,0,0.17863,0,-0,0,-0.16864,-1.31229,-2.04133,-2.34094,-0,0,-1.08998,0.87316,-0.6373,-0,-2.17032,1.00648,0,-2.35648,1.8203,-0,2.17301,0.59411,-0.70181,1.08983,0,0,-2.16962,-2.78807,-1.17546,-0.19979,0.2426,-0,0.05417,-0.61905
0.3245,-0.36937,0.02748,-0.69207,-1.22412,-1.41467,-0.02055,-1.81409,0,0,0.06786,-0.18107,-0.62218,-1.62065,0.91695,-0,-0.74089,-0,2.32966,1.43952,-1.4441,0.67105,0.11454,-0,1.03794,0.08986,-0.08527,0.15391,0,0.60188,-1.43342,1.2377,-0,0.01073,-0.14293,1.2618,0,-0.64259,-0.98874,-0.80695,-0.83759,-0.25768,1.90191,-0,1.13641,1.73376,-0.47188,0.59588,1.99801,-0.99008
-0,2.66876,-0.08869,-0.29267,-0,-0.1266,-0,0.67236,-0,0,0.99854,2.04471,0,-2.11072,2.50285,0.73145,-0.63513,0.76946,-0.80755,1.78477,-0.38408,0.07939,0.39531,-1.30163,0,1.80669,0.82886,-0,0.26165,-1.44213,0.29442,-0.0002,0.54855,0.11903,0,-0,-0,0,-0,0,-0.81255,-1.10884,0.62909,-1.16618,0.79298,0.10821,1.22438,-0,0.32367,-0
1.40016,-0,-0,-0,-0.51566,-0,-0,-1.58002,0,1.0299,0,0.02627,0,1.08884,-0,-1.02196,1.58034,-0.79964,0.77554,-0.80348,-1.18166,0.08582,-0,0,0.43704,-0,1.59556,0,0.77478,-1.28774,-0,0.79564,-2.05721,-0.08974,1.60655,-0.57496,-0,0,1.43105,0,1.018,0.42781,-0,-0.22659,0,-0,-1.35795,0.91662,0.89457,-1.54742
-1.86975,1.89365,-1.89388,-0,0.01808,0.65722,0.44949,-0,-0.36116,-1.55568,0.58011,0.56235,-1.93813,-2.20237,1.25099,0,0,-0,-0,-0,-0,0.68714,0.30292,1.03158,-0.24572,0.54662,0.77153,0.87825,-0.14295,-0.36996,-1.82797,-0.59576,-0.19088,2.87326,-0,-0.93133,0.96475,-0.20844,0,-0,-3.67724,-0,0,-1.08235,-0.32342,0.18054,-0.53836,0.28321,-0,0.44629
0.77985,0,-0.14241,-0.84631,-0.89931,1.7987,0.78944,-1.14201,1.33964,-0,0.61269,-0,0.65228,-2.03013,-2.27046,-1.72856,-1.25156,0.83424,0.57471,-0,0,0.67766,1.92921,-1.51281,1.19055,-0.88813,0,0.60494,-0.59358,-0.31028,-0,1.38192,-0,-1.25775,-0.11503,-0,-0.26201,0,-0.25127,-1.37046,-0,0,0,-0,0.89724,0.36147,-0,0.3437,0,0.43418
-0,0,-0.48384,0.85073,-0.65484,0.26861,-0.50091,-0.11188,-0.51133,0.42802,0.19201,-1.69014,0.07778,-0.06345,-0.54152,0.96003,-1.16863,0.40306,-0.21657,0.51906,0,0.55626,1.12602,0,0.43856,0.00128,0.27458,0.16724,0.18439,0,1.9118,-0.44691,1.23417,-1.07184,-0,-1.05154,0.47406,-0.03033,-0,0,-0.02962,-0.65718,-1.31093,-0,-0,-0.92483,-0,-1.20418,-0,-0.89925
0.73417,-0,0.38503,1.23866,-0.45405,0.56251,-0.02214,0.83512,-0,0.51973,1.07487,-1.54393,-2.11494,-0,-0.97905,0,1.9441,-1.06194,0.29008,0.78606,-0,1.83785,-0.62735,0.41325,0,0.96026,-0.31813,0.46657,-0.21031,0,1.00707,-0.92356,-0.1076,-1.07341,0.04139,0.14168,-0.45436,-0.02722,0.85453,0,-1.54286,0.25067,-0.88304,-0,1.66989,-0.61245,-0,0.7054,0.21938,-0
-0.13184,-0.63455,0.18763,0.49805,1.30382,1.20202,-0,0.0504,0.09511,-0.20589,1.48301,-0.0097,-0.83078,0,0,-0.3584,0.68192,0.84385,0,-0,0.40791,0,0.41976,-2.04993,1.66729,-0.48659,-1.81773,-0,0,-0.30736,1.43916,-0.22266,-0,-0.08729,0,0.07134,0.07369,-0.97746,2.4177,0.41127,-1.19236,0.14986,-0,-0.3347,0,-2.08957,-0.67397,-0,-0.26236,2.04761
0.12626,-0,-1.74548,2.70505,0.75852,1.51748,-0.24464,0.21053,0.12754,-0.81022,1.46405,-0,2.12665,-0.18314,1.24989,-0.41532,2.21571,0.16105,-0,-1.93454,-0.77342,-0,0.11703,-0.51409,1.22769,-0,-0,0.34589,-0,-0.47581,-1.07946,2.29172,0.35369,-0,0.34596,-0.73029,-0,-0.05611,0.10952,0.39165,-2.08656,0.84527,0,1.2066,-1.74122,-0,-0.63632,-0,-1.31018,-2.24863
0.74868,-0.00945,-0,-1.35973,-0.62565,-1.02774,-0.61711,-0.25878,0,-0.10764,-1.25067,0.29498,0,1.2839,0.46536,-0.77222,0.81965,-1.65831,-1.21189,-0.79201,-0,-1.60066,0,0.90348,-0.16579,0.43673,0.65181,0,-0.97863,-0,0.06426,2.04432,-0.27842,0,-0,-0.22078,0.04508,-2.2436,0.39427,0.6476,0,-1.25812,0,2.13042,-0.8698,-0.74593,-1.32401,-0,0.26843,1.24424
-0,-0.99368,-0.75189,1.33825,-1.11093,1.70605,1.35882,2.63097,0.03914,2.51927,-0,-0.48196,0.13879,-0,-0.58578,-0.12744,-0.86174,-0.98086,-0.0956,0,-0,0,1.90443,-1.50614,-0,-1.24685,-0.5942,-0.30632,0.57902,0.47809,1.29748,0,-2.60084,-0.93644,0,-1.49335,0,-0.21105,-1.06901,-0.34204,-0.92638,0.59529,1.87207,0,-0.32736,0.13105,-1.84483,-0.31515,0.03682,-0.27777
0.65047,-0.74249,0.26422,0.98841,0.32428,-0,1.51737,0,-0,-0.39631,1.67864,-0.86682,0.12833,1.09065,0.88355,0.36021,-0.24687,-0.17597,-0.70115,0,-0,0.58487,0.27686,-0,-0.82012,-0.49866,-2.01027,0,0,-0,-0.59404,-0,1.24718,-0.18176,-0.90893,-0,-0,0.78189,-0.85556,0,-0.83891,0.24225,-0.01257,0.97505,0.78045,-0.08128,0.5518,0.95422,-1.02103,-0.25275
-0,0.04865,-0.48968,-0,0,0.52043,0,-2.54838,-0.85866,1.15672,0.48776,-0.44667,-0,-0.64513,-1.31104,-0,-0.48531,-1.00977,0.64256,-0,-1.1655,0.1353,0.26426,1.36316,-0,0.25044,0,-0.75014,-0.9215,2.09918,-0,-1.57773,0,-0.57571,-0.76523,-0,0.99775,-0.7482,3.01338,0.11478,1.7957,0,-0,0.2697,0.66681,0,1.43373,-0,2.58386,-0.12837
0.39991,0.16371,-0,0,1.00327,0.9828,-2.09644,0.76127,0,0,0.73633,-0.11138,-0,0,0.40288,-0.361,-0.43537,-0.01676,0.09072,1.35879,-0.23355,-0.59458,0,-1.2661,1.19316,1.76194,0.62017,1.56744,0,-0.76275,0.91432,-1.6923,0.02735,0,-0.92692,-0.33918,-0,-1.22343,-1.8754,0.46782,0,0,0.17697,-2.62819,-1.37861,0.52455,2.1296,0.56162,-0.5794,0.66649
-0.55175,0.8467,-1.9575,0,-2.03307,-0,-0,1.213,-0,-1.18938,-0.67157,0.22977,0.30526,-0.52006,1.27185,0.46809,-0.57599,-0.74484,0,0,0.44062,-0.6147,2.20862,0,-0.43292,0.97922,0.71572,-1.75455,0,0,1.62193,-1.93856,-0.45697,0,-1.44372,0.10166,-0.77949,0,0.68801,0.13814,0,-0.07527,0,-0,0,-1.46844,-0.82361,-0,1.43139,-0.64712
0,-0.55151,0.54029,0.36981,-1.31291,-1.76658,0.16631,0.48731,0,-0.22328,-0.27546,-0.85093,-0.9276,-1.8074,0.10152,0.99106,-0.16726,0,-0,-0,-0.05078,0,-0.45093,1.61226,0.2944,0,-0.33707,1.37111,0,0.2557,1.25652,-0,-0.94444,0.13206,0,-0.43747,0.80277,-0.98009,-0,0.66316,0.53781,0.10115,0.29507,0.92584,0,-0.1743,-1.34768,-0.06352,-0,0.58665
2.58299,0,0.741,-0,0,0,-1.73021,0.06827,-0.73962,0.07498,0,0,-0.49316,0.56147,-1.21898,0.62646,-0.72642,0.75746,-0.17836,-0,0.30843,1.07797,0,0,-0.85955,-2.45569,-0.759,-0,0.50219,1.17749,0.09405,0.72294,-0.28812,-0,0.95945,0,1.61665,0.57169,-0.55944,-0.23376,-0,-0,-0,-0,0,0.08841,-0.31432,0.9268,0,0
-0,0.20758,0.41288,0.80511,1.26702,0.09097,0,-0.5316,-0.72864,-0,0.5244,-0,-0.43316,-0.63381,-0,-1.37819,0.18799,0,-0.68257,-1.4853,0,-0.52668,-0.45015,1.07893,1.36691,0,-0,1.0366,0.2537,-0,1.09928,-1.61055,0,1.32781,-0.50359,0.50174,0.657,0.26951,0.92823,0.82136,-1.44525,1.93138,-1.39988,0.12803,-0.6149,0.85911,-0.66288,1.40416,0,-1.30121
0,0.38645,-2.73156,-1.17263,-1.39827,0.10038,-0.48034,-0,-0,-1.90268,1.36357,0.05377,1.05207,0,-0.99703,-0,-0,0.93742,-1.82556,-1.11165,-0.39584,-0,0,-0.87523,-1.79831,-0,-0.09754,-0,-0,0.33256,0,0.49796,-0.3659,-0.78465,0.21675,0.49673,-2.12931,-0.95495,-1.33803,-0.36519,-1.94382,0.5291,-0.1726,-0,-0.2465,-0,-0.11575,0.29799,-0,1.03343
-0.86632,-0.57013,-0,0,0,-0,1.04428,-2.50874,-3.00867,0.07969,0.31026,-0.86682,-1.49444,0.4757,-0.61141,0.29392,-0.12985,0.30911,-0.96552,-0.88794,0.73885,-1.25956,0.61039,0,1.50845,-0.71357,-0.61167,-0.10656,-1.93101,-0.89007,-0.45894,0,0,0,-0.18593,-0,-1.46266,-1.14095,-1.12372,-0.62239,-0.06446,-1.1176,-0.55018,-0.91855,-0.46751,1.07796,-2.33803,0,-0,-0.5571
-0,0.77991,1.41486,0.16054,0.14492,-0.28028,-0.04473,-1.82075,0.60706,-0.81152,0.1482,0.5,-0,-1.96467,0.6586,1.42672,0,1.41315,1.3027,-0.17459,0,0,0.15453,3.69841,0.70051,0,2.42425,0,0.63927,0.24763,0.05896,-0.09418,-0.387,0,-0.56082,1.24663,-0,0.47963,0,-0.78795,0.84557,0.86861,0.16361,-0,1.49666,1.46441,0.91197,-0.56916,0.1157,-0.37049
-0.8528,-1.28367,0.05053,1.37511,0,0.31108,-0.8813,-0,0.57412,-1.73909,-0,0.31476,-0.56073,0,0,-0.4445,-0.69085,1.07211,-0.48097,2.04557,0,-0.08169,-1.15728,1.32884,-1.04084,-0.17268,-1.15324,0.15295,1.23728,-0.99695,-1.90384,0.03475,-0.56093,1.73201,-0.07533,0.05615,1.15716,-0,0.92989,0.94813,2.32133,1.00147,0.62439,0.65888,-1.5604,-1.09234,-1.15873,0.72061,0.04649,-2.16244
1.04241,-0.64971,0.8321,-0.14593,0.0899,0.03721,-1.0075,-0.41373,0.75256,0.07683,0,0,-0.75363,-1.9863,1.5006,-0.38045,-0.92851,0.92511,-2.20437,0,-0.17478,-1.77913,-0.24728,0,0.222,-2.2015,-0,1.75764,-0.47141,-0.3109,-0.14464,-0,1.49259,0,-0,-0,-0.2951,0,-0.52297,-1.75141,-0.83713,1.00573,-0,1.29073,-0,-0.53422,1.82285,-0.38201,-0.24549,0
0,2.00449,-0,1.15946,0,-1.1297,-0.13885,0,-0.16905,-0,0,-0.89417,-0.58976,0.57168,-1.14187,-0.493,0.20274,0,-0.08199,-2.23182,-0.39271,-0.71349,0.84607,0.20521,0.37239,-0,2.17895,0.62165,0.80572,0.38861,0.67421,0.00343,-0.78785,-1.31271,0.85933,0,-1.04462,-1.4944,0.30904,-0.50339,-0.60765,0.70003,-0.22001,0.13246,0.80453,0,-0.67746,1.38255,1.40566,1.05039
-0.688,-0.00901,0,0.69122,0,1.05489,-2.08513,0.13824,-0.14835,1.562,-0.89747,-0,-0.13481,-0.76936,2.94468,1.33371,0.37877,-0,0.00189,-0.65223,0.16214,-0,-0,-1.97271,-0,-0.61014,1.44819,1.42199,0,0.63221,0,1.04068,1.1173,2.16271,0.21784,-0,0.53319,0.146,-0.09499,0.10327,1.09841,-0.06975,-0,-0.77305,0.54487,-0.82778,-0.66337,1.03955,-1.69863,-0.47972
0.76485,1.10566,-1.40274,0.96388,-0.33269,1.9964,-0,0.22516,-1.57061,0.83397,-0.24436,-0,1.17939,0.75746,1.02296,0.39167,-1.07155,-0.53051,-0.72284,0,-0.05752,0.26166,-0.01176,-0.27769,-0.01539,-0,-0.00682,0.7679,-1.60266,-0.38574,1.02935,-1.85243,1.8431,0.37447,0.48084,0,0.84951,-0.59309,1.84693,-0,1.31991,0,-0.10259,-1.38869,0.92262,-0.67203,0.34138,0.84527,0.18143,0
-0,0.03994,1.33343,-1.46187,-0.62583,-0.79406,-0.99585,-0,-0.43472,-0,0.93605,0,-0,-0.02776,-0.08904,-0.50372,-0,-0.87558,-0,0.75785,0.16264,-1.37383,-0,1.48692,0.70566,-0.15266,0.18967,-0,-1.28548,-0.326,-2.99479,0,-0.34657,0,-0.06013,-0.16484,-0,0.10045,-0.47407,0,1.08426,0.59246,-0.45509,0.29238,-0,0.86033,1.06833,-0,1.93027,1.15582
-0.80003,0.01906,-2.07764,0,0,0,0,-2.21791,-1.85107,-0.71794,-0.70301,0.71039,-0.35974,0,-0.92171,1.51709,0,1.32747,0.09649,0.39517,0.07033,0.10812,-0.07506,-0.14124,0.03309,1.26927,-0.06015,0,1.63848,0.98508,1.16246,0.03421,0,-0.56612,1.44728,-0,-0.86409,1.61418,1.78562,-0.34516,0,-0,-0.47594,-0.06285,1.41077,-0.90349,-0,-0.59493,1.42135,0.60498
0,0.11963,-0.67426,-3.00721,0.53921,-0.28715,-0.31917,0,1.15557,-0.33945,0.14131,-0.78706,-0.32916,1.01224,-0.4483,0,-0,1.55183,0,-3.37119,0.58176,-0,2.26435,1.67121,0.82127,1.32033,-0.19658,0.1252,-0,-0,0,-1.59187,0,0.09656,0.16553,1.73754,0.07242,1.90642,-0.72276,-0.09444,-1.31411,0.53533,-0.16296,1.15157,-0.13676,1.04385,0,-0.67874,0.45021,-0.826
-2.0618,0.19729,-0,0,-0,1.00831,1.10624,0.62436,-1.77935,0.85891,-1.09895,-0.96836,-0.09913,-0,-1.78559,0,0.91717,-0,-1.17085,-0.96469,0.02337,-0.04825,-0.24672,-0,-0,-0.13849,-0.13291,0.34075,-0.2519,0,-1.16514,-0,0.39708,0.20289,0,0.45188,-0.2345,-0.09796,-0.98781,1.08988,-0,0,-0,0,0.08315,-0,1.1698,-0.31852,0,-0.09945
0.05601,-0,-0.77377,-0,1.01844,0,0.07129,0,0.07774,1.21409,-0.93683,-1.39127,-1.0392,-0.33367,0.38251,-0.49196,-0.51233,0,-1.07927,-0.61638,-0.6451,-0.46013,1.23269,1.17367,-0.21628,-0.59105,0.1193,1.4059,-0.43095,0.44375,1.25142,-0.84636,-1.81779,-0.71184,-0.01794,0,-0.61694,-0,-0.43943,-1.68451,0,0.63285,-1.99742,-1.13058,-1.71301,0.0066,1.905,0,-0.03185,0.66731
0.67311,-0,-0.92679,0.31688,0.08838,0,0.41268,1.8057,-0.22767,0.06879,-0,0.5748,1.35027,0,-0.25372,-0.53414,0,0.69511,-0.41525,0.50405,0.47935,0.62996,-0.7585,0,-0,0.06199,0,-0.50496,-0,0.21069,-0.10775,1.14524,-0,-1.15829,-0.50295,2.0613,-0.56889,-0.48351,-1.11245,-0.34205,0.26623,-1.89644,0,-0.00398,-1.62437,0.48081,-0.69074,-1.39738,-0.95446,0.48501
-0.90145,-0.31906,0,0.0247,-0.84718,0.36318,-0,0.42362,-0,-0.58917,0,-0.26505,0.98457,0,-0.10431,0.6151,-1.95792,1.34252,-0,-0.4535,0.00034,-0.77829,0.33401,-1.36767,0,-0.99179,0.03421,-0.35009,0.7279,-0.25498,-0.52612,-0,-0,-0.92169,-0,-1.31061,1.14501,0.98342,0.75315,0,-0.17773,0,0.90387,-1.55648,0.81189,-0.4181,-0.41436,-0.6126,-0.42471,-0
-0.41029,-0,-0.01463,-0.4588,1.16202,-1.26195,0,-0.11649,-0.95727,0.69828,-1.94368,-0,0.44535,-0.18795,-1.4261,-1.84411,-0.3493,-0.57722,-0.15101,-0.41666,0.16721,2.46831,0.16953,1.61813,-1.09074,-0.84617,-0.1369,-0,0,-1.21582,-1.07232,1.89575,0,-0.9749,0,0,0.0094,-0.49402,1.61466,-0.46269,-0.20962,-0,0,0,0.08423,0.70177,0.91845,0.9173,-0.1845,-0.79081
-0.72214,1.40423,1.18329,-0,0.24233,0.64339,-0,0.06793,-1.26359,-0.79516,0,0.57952,1.31697,-0.03384,0.74634,-0.10562,-0,0.85264,1.03573,0.79694,-0.3337,-0.87015,-0.29796,-2.23594,0.44252,0.00451,0.01025,1.29725,1.45361,1.63124,-0,-0.61437,-0,-1.08372,-0,-0.16803,-1.99948,0.30351,-1.90277,-2.3047,0.21829,-0.28283,-0.81427,0,-0,-1.40048,-0,0.00888,2.40028,-1.12678
0.03744,-0.37588,0.30975,-0.95111,1.2936,1.29129,0.02557,-0.00906,-0,-0,-1.5967,-1.22401,0,-0,0.78064,-0.74869,-0.55751,-2.5184,-0,0.37335,-1.49664,-1.63019,-0.63621,-0.35519,-0,0.43473,0,1.26038,-0,-0.59458,0.74219,-0.00026,-0.97779,-0,2.33592,1.00921,-0.76141,-1.2796,-1.45305,-1.31577,-1.50574,0.66666,0.12565,2.13059,-0.92902,0,-0.0508,1.81217,-0,0.15596
-0,-0,-0.17823,0.69186,-2.30936,-0.2607,-1.7871,0.90675,-1.0662,-0,1.08506,-1.24116,-0.22198,-1.94613,-2.61742,-0.49574,0.4241,-0.42599,-0.11475,-0.6624,0.15573,0.89302,-1.2712,0.89999,0.0691,0,0.42031,-0.03413,0.07644,2.78908,0.10912,-0.34686,-1.13135,1.00134,-1.35931,-0.67329,0,1.66082,0,-1.69759,0.7468,-0.27923,-1.24536,-0,0.30105,1.68829,0.78681,-0.98041,-2.08116,0.51916
0,0.93733,0.53541,0,-1.10796,0.86738,-0.87848,0,0.44223,-0,0.00662,-0.98695,1.00429,-1.8255,0,0.29066,0.17914,0.80572,-0,1.06556,-0.61817,-1.35611,0.21844,-1.38797,0.1438,-0,0,-0.20673,-0.68279,-0.9307,0,0,-0.88206,-0.86548,0,0,-1.23398,1.0045,0.73312,-1.06646,0.60901,0.43489,0.54884,-1.01304,-0.04816,-1.40764,-0.11098,-1.45102,-0,1.45303
1.28099,0.28313,-1.093,-0.0539,0.95852,-0.26348,0,1.43281,-0.58726,0.76842,-0.28761,0.76978,0,0.87189,-0.66075,0,0.18308,-0.11406,-0.37244,-0,0.30674,0,-0,0.8353,1.39597,-0,0.90923,2.46512,-0.0728,0.37744,-0.61867,0.7565,0.94275,0.95565,-1.082,1.00094,0,-0,0.1882,0.22483,0.74907,-0.28454,0.03902,0,0.87836,1.2898,0,-0.31945,0.31009,0.17599
-0.01296,0.78131,-0.13524,-0.81001,-0,0.94517,-0.71109,0.86654,1.78875,1.3195,0.96235,0.0828,-0.81343,0,-0.81874,-1.0211,1.07314,-1.68388,-0.45154,0,-0,0.94032,0.59126,0.16476,0.01809,-0.87445,0,0,0.32996,0.43805,-2.67367,1.16664,0.84155,1.43392,0,0.01295,0,0,-0.6396,0,-1.27624,0.67065,0.6653,0.7303,0,2.01667,-0.57174,-0.7104,0.54687,-0.66425
-0.20641,0.68907,-2.04409,-2.9084,-0.49766,-0.03198,1.53732,-0.1228,-1.25936,0.49458,0.76849,-2.22881,-0,0.02151,-0,0.31691,-0.2532,2.0817,-0.32017,-1.58368,0.17371,-0.68689,-0,-0.9963,-0.62332,0.85802,1.29556,0,0,1.05135,0.67592,-1.05607,0.21748,-0.99091,0.50885,0,0.35133,-1.14737,0.13077,-0.48904,0.92149,-0.55914,-0.27431,-0.94786,-0.06384,0.70462,-1.69403,-1.09314,0.65568,1.04911
-0,-1.07511,-0.88281,1.58224,1.89218,-0.46475,1.43788,-1.4275,0,0.49057,0.67958,0.00278,0,-0,0.30846,-0,-0.54854,1.47357,0.61453,-0.31531,0.48289,-0.02919,1.05134,0,0.0729,-0.55155,-1.87635,-1.47591,2.42481,0.26366,1.19857,0.20137,-0.248,-0.4758,0.60464,1.57618,-0,1.21912,-0.49451,0.29673,0,-1.29033,0,-0.05163,-1.46864,0.27422,-0,-0.68552,0,-0.38189
-0.33699,2.38437,1.9981,0.48042,0.14945,0.85602,0,-0,-1.89211,1.14465,1.43233,-0.60857,-0.52864,-0,-0.84505,-0,0.09505,0.90656,0,-0,-0,0.57998,-1.53746,0.23723,-0.58885,0,-0,-1.24341,0,0.67079,0,-1.16867,0.44402,-1.04997,0.7891,0.07237,0,0.60878,0.68555,-0,1.51148,-0.86696,1.02244,-0.14229,0,-1.74033,0.52788,0,0,0
-0,-0.57362,-0,-0,0,-0.62278,-0.89234,0.13039,-0.80967,-0,0.22498,-0.03798,-0.67007,-0.14248,-2.01028,1.72617,0.9555,-0,0.66712,0,1.44402,1.61174,-0.57929,-0,-0.38944,-0.84043,-0.90957,-0.35105,0.93894,-0.26178,0,-1.70236,-0.8736,-1.89857,-0.04352,-1.20849,-0,-0,0,0.99039,0,0.69314,0.92269,1.72268,-1.10123,-1.44897,-0.33034,-0,-0.09274,0.87939
0,-1.70799,-0.64437,-0,0.73823,0.95682,-0,-0.78324,-0,-0.89381,-0.63723,0.23756,-0,-0.69533,-0,0,-0,-1.73404,-1.4066,1.13463,0.82245,0.41568,0.35663,0.64618,-0.6044,-2.34415,2.36199,-0.38362,0.34643,-0.35758,0.609,1.61858,-0.36462,0.17063,-0,1.49422,-0.13817,0,0.62342,0.07963,0.09312,0.69194,-0.37181,0.62697,0.45813,-0,-0,-0.47065,-0.36482,0.70591
-0.63902,1.54481,-0.65593,1.54626,0,-0.47485,0,-1.0427,0.43045,0.12548,0.73129,0,-0,-0.55963,-0,-0.32456,2.26153,0.60224,-1.45135,-0.21058,-0.19601,0.78491,1.3346,-1.58619,-0,-0,-0,0.82737,-0.50119,-0.02998,-0.19676,1.48139,0,0.73313,3.18743,0.32006,-0.8686,-0.74618,-1.23835,0.96582,-0,0,1.08946,-2.04821,-1.96739,0.50152,-0.69944,-1.17121,-0.35177,0.90893
-0,0.11306,0.07573,0.4657,-0,1.17655,-1.44465,-0.95291,-1.26816,0,-0.91763,-0.13292,-0.25968,0.69841,-0.16376,0,-0,0,0,-0.73707,-0.19328,0,-0,0.39423,-0.76048,-0,-1.62793,-0,-1.26153,1.35307,-0.90661,1.05995,0.78216,-0,-1.91409,0.32304,0,-0,-0.21759,-0.00432,0.79101,0.21375,2.11944,-0.36393,-0.25004,1.54977,1.09536,-0.14813,1.70186,1.41057
-0.09994,0.36956,-0,0.10564,-0.79991,-0.34436,-0.19829,0,-1.37569,-1.18387,-0.38715,-0,-0,0.12693,-1.98422,0,1.57201,-0.50126,0.18019,1.64443,1.24774,-1.73157,0.74435,-0.20471,0,0.26293,0.41036,-0,-0,-0.90754,0.65867,0,-1.0303,-0,1.02909,-0.42209,-0.71364,0.13207,-1.08499,-0.23029,-0.68337,1.01635,-0.48369,1.4474,1.86251,-0,0.71188,-0.84175,-0.8799,0.4846
0,0,-1.84286,1.78368,-0.77487,-0.23008,-2.13352,1.16681,0.29137,0,-0.0607,1.69953,0.73976,0.7437,-0.38059,-0,1.18282,0,1.23975,0,-0,0.71773,0.18986,-1.92439,0.58245,0,-0.04975,-0,-1.22031,-0.38427,1.40436,-0.52084,1.12924,-0,-0,-0.76073,-0,0.77725,-0.43586,-0.13091,-0.12499,1.06856,0,0,0,1.33578,0,0.70033,-0.90935,-0
0.84001,-0,-0.47625,0.10749,0.82994,-0.30446,0.48813,-0.71883,0,2.13652,-1.28567,0,-0.8651,-0,-0.35291,-0.97116,-0,0.7082,-0,-1.89943,0,1.14146,0.60433,-0,0.35776,-0,-1.42197,1.58434,0,0.36478,0,0.20739,1.09248,-0,1.09577,-0,0.12865,0.56831,0.35062,-0.62937,0,2.00951,-2.85284,0.45146,0,0.98213,0,-0.72997,1.29422,-0
0.80001,-0,-1.11542,-0.54394,0.26082,-0.25939,-0.24225,0.3358,-1.01589,1.27735,-1.18385,0.73556,-0.32292,0.65317,-0,-0.88715,0.04256,0.35983,0.40932,-0,-0,-0,0.25119,0,0.65489,0.79008,0.70871,-0.96256,-1.47625,0.32749,1.44066,0.49683,-0.61246,-0.37658,0.32132,0.47597,0.99461,-0,1.46183,-0.78318,-1.10765,0,1.88415,-0.27776,0,-1.7513,0.81387,0,1.03832,-0.0973
-0.01402,-1.2668,-0,0.80834,0.70509,0.61722,0.04517,0.27204,-1.09874,-0.24538,-0,0,0.67944,-0.83281,1.59247,-0,0,-0.35303,-0.48006,-0,-0.99507,0,0,0.92244,0.2416,0,-0.20127,0,-1.51391,-2.11914,0.64967,0.54196,-1.74538,0.41174,0,1.38321,0.78231,0.91481,0.7418,-0.34889,-0,-0.57317,0.47228,0,-1.74056,-0.09846,0.26218,0.29455,0.79646,0.65159
