1.75172
1.30623
1.92584
1.27573
1.169
1.39044
1.13975
1.97816
1.75349
1.26722
1.06423
1.54728
1.50426
1.17296
1.00021
1.33162
1.64896
1.97485
1.57896
1.79414
1.83941
1.73703
1.19557
1.71643
1.18945
1.61554
1.87517
1.07389
1.476
1.29672
1.75764
1.22528
1.12916
1.92894
1.8706
1.20397
1.13226
1.02008
1.21632
1.24958
1.69548
1.12293
1.58506
1.85675
1.62481
1.69082
1.50508
1.95817
1.25472
1.53228
1.67161
1.96453
1.91004
1.55984
1.18977
1.32448
1.88753
1.93674
1.82018
1.75463
1.28878
1.7445
1.32091
1.89519
1.92176
1.40342
1.42948
1.47915
1.21032
1.14734
1.08164
1.39995
1.2983
1.14608
1.83676
1.71988
1.79088
1.4816
1.7112
1.53995
1.64506
1.93913
1.65845
1.64196
1.67605
1.2038
1.63661
1.28367
1.62418
1.83536
1.877
1.06483
1.93135
1.16535
1.54752
1.53206
1.79733
1.17698
1.55415
1.43333
1.73844
1.56306
1.87831
1.48505
1.52164
1.06595
1.51844
1.18438
1.4542
1.13896
1.27206
1.35523
1.21601
1.65928
1.28209
1.10501
1.57354
1.71634
1.1268
1.54731
1.95564
1.11392
1.43824
1.5424
1.32961
1.23047
1.03344
1.65147
1.48118
1.74484
1.60288
1.97893
1.68476
1.85054
1.6466
1.09355
1.50015
1.4291
1.81353
1.7406
1.87304
1.08757
1.48165
1.9914
1.49023
1.61542
1.70959
1.31832
1.38266
1.88848
1.95794
1.74436
1.76961
1.26843
1.94341
1.62681
1.5746
1.88123
1.76987
1.6252
1.06293
1.00463
1.17848
1.21873
1.7716
1.53392
1.47858
1.45188
1.38388
1.4351
1.024
1.81475
1.40118
1.90079
1.6529
1.25276
1.86241
1.3369
1.65469
1.69972
1.88832
1.32011
1.03291
1.03075
1.25695
1.99226
1.5011
1.14937
1.84963
1.83858
1.7539
1.42946
1.37872
1.53745
1.01676
1.94768
1.16298
1.06194
1.60445
1.76268
1.48457
1.41118
1.75215
1.19109
1.54601
1.53047
1.49843
1.30963
1.88591
1.8067
1.95506
1.1392
1.60311
1.38537
1.6169
1.13061
1.15577
1.43589
1.41271
1.0735
1.72498
1.65483
1.14418
1.94974
1.71611
1.59506
1.13971
1.95014
1.49569
1.26213
1.05066
1.50016
1.34258
1.04702
1.48041
1.10697
1.94205
1.90877
1.81568
1.92287
1.05295
1.60387
1.54641
1.5899
1.84773
1.93519
1.26627
1.13823
1.96656
1.74118
