1.51066
1.80803
1.37843
1.3284
1.39355
1.52101
1.20379
1.23648
1.58209
1.30213
1.82481
1.46744
1.09163
1.41994
1.64618
1.73771
1.65497
1.08839
1.68599
1.52949
1.12241
1.25442
1.63541
1.85859
1.18172
1.08878
1.83218
1.46766
1.41231
1.76802
1.78424
1.0382
1.20638
1.65047
1.69907
1.31901
1.65042
1.15086
1.64199
1.72699
1.03702
1.72583
1.02875
1.48883
1.2657
1.52765
1.80483
1.10726
1.92978
1.56889
1.35232
1.42271
1.85964
1.04928
1.32317
1.98933
1.69557
1.77099
1.83758
1.37553
1.92896
1.77029
1.98807
1.26473
1.0434
1.80923
1.69676
1.26445
1.7231
1.22772
1.18403
1.45258
1.03761
1.48655
1.37187
1.10261
1.85732
1.68383
1.52317
1.39449
1.24797
1.42962
1.55996
1.79689
1.74675
1.78258
1.37807
1.77304
1.37656
1.45901
1.3367
1.29053
1.22476
1.80597
1.75209
1.98978
1.91041
1.14703
1.65623
1.42761
1.3887
1.21012
1.43859
1.50435
1.31054
1.95015
1.2008
1.137
1.43174
1.52933
1.14956
1.03078
1.29889
1.99852
1.61571
1.45842
1.2079
1.50728
1.15658
1.45285
1.62523
1.60552
1.89564
1.76679
1.99802
1.47429
1.12866
1.74657
1.51215
1.6081
1.95687
1.77814
1.96275
1.22329
1.18604
1.03467
1.73384
1.63571
1.62962
1.26212
1.8923
1.89895
1.12883
1.91129
1.03216
1.62153
1.31168
1.73956
1.66112
1.59108
1.1748
1.09016
1.97613
1.0088
1.39585
1.45945
1.40695
1.08761
1.4332
1.67669
1.05123
1.12758
1.4039
1.88459
1.67706
1.89066
1.32271
1.68566
1.54544
1.28936
1.02971
1.51241
1.66619
1.31738
1.95743
1.15604
1.89325
1.39095
1.1754
1.39171
1.08466
1.12573
1.8175
1.31801
1.01967
1.46665
1.53768
1.58371
1.84551
1.74157
1.08668
1.35939
1.72569
1.94155
1.62987
1.99257
1.81415
1.56051
1.38304
1.05737
1.49061
1.93087
1.57183
1.40368
1.77851
1.6236
1.95855
1.37516
1.92852
1.40157
1.84049
1.2005
1.1402
1.66069
1.86652
1.76177
1.08453
1.33119
1.09708
1.37478
1.91655
1.36974
1.95283
1.2199
1.66419
1.35568
1.0419
1.33601
1.0041
1.41127
1.12431
1.61016
1.46285
1.8965
1.35838
1.91727
1.41523
1.56334
1.90069
1.2309
1.65072
1.46823
1.24247
1.55423
1.45753
1.12893
1.27246
1.94259
1.76975
1.2212
