0.93728
0.06408
0.57961
0.73211
0.95943
0.27646
0.99968
0.00189
0.06383
0.80501
0.14422
0.1622
0.21482
0.48398
0.19508
0.21552
0.36176
0.98816
0.64326
0.61227
0.25666
0.86759
0.71908
0.15203
0.99702
0.0241
0.53612
0.54032
0.23717
0.50926
0.13624
0.79816
0.49604
0.68309
0.374
0.57652
0.0234
0.60401
0.27358
0.68657
0.35538
0.43003
0.05177
0.4666
0.1748
0.56688
0.09744
0.79244
0.89264
0.05494
0.03327
0.89716
0.2518
0.17969
0.93655
0.43907
0.41254
0.62902
0.45906
0.48569
0.82444
0.09455
0.44587
0.40277
0.79831
0.3904
0.59329
0.79029
0.21869
0.1671
0.26113
0.60855
0.69575
0.91294
0.63419
0.28909
0.0647
0.22898
0.88808
0.55679
0.88543
0.39391
0.15803
0.38972
0.68315
0.08788
0.64433
0.40519
0.26305
0.64162
0.83553
0.69058
0.66304
0.49423
0.03192
0.54771
0.024
0.67378
0.49734
0.80605
0.00989
0.22787
0.60369
0.59267
0.846
0.56663
0.51472
0.4002
0.72752
0.56915
0.28731
0.08141
0.54028
0.49792
0.77719
0.68745
0.42908
0.65181
0.75885
0.60648
0.6984
0.52751
0.52693
0.44048
0.04124
0.88099
0.21419
0.23693
0.58988
0.9319
0.10407
0.76928
0.85362
0.50346
0.43029
0.84202
0.33468
0.96205
0.12348
0.53643
0.84205
0.49126
0.6311
0.06422
0.2602
0.25629
0.21543
0.13129
0.88091
0.66491
0.59679
0.36925
0.746
0.24278
0.87341
0.35216
0.57411
0.90847
0.9237
0.75331
0.24236
0.70743
0.20162
0.10332
0.00891
0.41506
0.58265
0.11751
0.05199
0.95153
0.3433
0.09298
0.56423
0.39799
0.54081
0.80025
0.45266
0.13665
0.43205
0.27965
0.13346
0.22958
0.58688
0.86289
0.35712
0.14285
0.90538
0.65733
0.34193
0.35141
0.02097
0.37284
0.77718
0.63364
0.87362
0.86723
0.80214
0.76799
0.51919
0.49889
0.19192
0.21373
0.56281
0.2422
0.751
0.44554
0.22051
0.94704
0.07363
0.05546
0.49507
0.27977
0.92168
0.59087
0.81828
0.98533
0.27021
0.81364
0.98343
0.43477
0.96585
0.48224
0.29233
0.09467
0.83722
0.68078
0.00142
0.3459
0.12568
0.67021
0.27353
0.25761
0.27948
0.39308
0.95899
0.87149
0.54886
0.69229
0.65112
0.30673
0.99625
0.04265
0.85503
0.79059
0.45792
0.15036
0.53757
0.35751
0.79078
0.71404
