0.42357
0.42164
0.70428
0.96283
0.51561
0.80882
0.34426
0.21132
0.76667
0.27974
0.50526
0.73814
0.00379
0.39707
0.53926
0.06115
0.77517
0.79198
0.24625
0.75359
0.65644
0.11077
0.12171
0.33612
0.11796
0.32139
0.90195
0.01481
0.29936
0.79202
0.25718
0.50866
0.26947
0.45621
0.66586
0.45985
0.48578
0.56733
0.32551
0.35016
0.34983
0.30035
0.41156
0.97916
0.14805
0.55766
0.42544
0.23582
0.16094
0.22213
0.01841
0.95822
0.36734
0.67569
0.74376
0.61744
0.18979
0.31394
0.24076
0.25078
0.77484
0.02497
0.2694
0.34332
0.50047
0.02108
0.88195
0.48682
0.59493
0.84264
0.56404
0.78079
0.26099
0.61147
0.10499
0.65469
0.5087
0.68757
0.39081
0.81208
0.95406
0.86462
0.02176
0.47534
0.05205
0.83749
0.2497
0.4597
0.34754
0.89873
0.71335
0.91249
0.41741
0.13287
0.54952
0.17403
0.74889
0.71313
0.05264
0.53429
0.36361
0.22755
0.69989
0.15352
0.34071
0.261
0.29269
0.34395
0.16339
0.32077
0.00014
0.62601
0.47971
0.8431
0.19312
0.82069
0.22615
0.95998
0.27159
0.21768
0.32918
0.72747
0.24474
0.22488
0.03024
0.37493
0.4524
0.31548
0.27959
0.50569
0.49162
0.24952
0.04028
0.23804
0.61094
0.31889
0.92765
0.48246
0.38059
0.4585
0.88466
0.92712
0.67315
0.98242
0.74623
0.5067
0.38328
0.94572
0.06815
0.20246
0.38042
0.21178
0.26836
0.10529
0.65385
0.54277
0.70136
0.424
0.65259
0.37654
0.01659
0.41405
0.06106
0.9564
0.24015
0.8964
0.2121
0.33633
0.87596
0.5781
0.92908
0.27123
0.31682
0.40364
0.51254
0.53922
0.46196
0.57278
0.77684
0.08462
0.52246
0.18751
0.54124
0.95264
0.36124
0.96852
0.88358
0.32891
0.10504
0.60293
0.50087
0.57013
0.7498
0.43751
0.31506
0.15572
0.64116
0.0111
0.66824
0.7318
0.51304
0.0181
0.20961
0.82155
0.33241
0.22356
0.71689
0.18193
0.91357
0.25953
0.01663
0.5043
0.63591
0.67608
0.02288
0.23384
0.44667
0.79915
0.52268
0.42149
0.21695
0.28629
0.33333
0.14913
0.68996
0.09648
0.08368
0.39106
0.35931
0.43399
0.74783
0.42825
0.29649
0.57495
0.76124
0.49466
0.82666
0.12821
0.1126
0.14609
0.92408
0.52311
0.88864
0.81932
0.78989
0.70784
0.5189
0.47077
0.08765
0.71565
